0.462080
0.796898
0.778974
0.774317
0.599928
0.294780
0.173510
0.172815
0.000934
0.554143
0.221825
0.765574
0.611458
0.218149
0.746443
0.453817
0.536395
0.308345
0.466329
0.646051
0.560580
0.033208
0.061502
0.454145
0.027572
0.716659
0.127380
0.470952
0.036646
0.058479
0.505822
0.498726
0.855377
0.284796
0.273043
0.455305
0.579576
0.446553
0.628120
0.580510
0.000696
0.849946
0.346084
0.612155
0.068094
0.092527
0.065971
0.604489
0.400872
0.532301
0.250540
0.961452
0.565509
0.312042
0.415597
0.593081
0.028701
0.542978
0.064033
0.065348
0.601457
0.569855
0.564074
0.456834
0.854651
0.837117
0.912139
0.434227
0.283671
0.540259
0.014738
0.284367
0.390205
0.360822
0.896522
0.458299
0.453349
0.962493
0.062789
0.854221
0.494794
0.313328
0.815673
0.060303
0.625370
0.231271
0.653384
0.654072
0.774248
0.717416
0.719419
0.375705
0.287271
0.283494
0.832539
0.141922
0.120611
0.744679
0.576150
0.404282
0.284938
0.590887
0.688648
0.675143
0.951710
0.585170
0.133442
0.405059
0.547663
0.196231
0.259280
0.042457
0.509559
0.074953
0.102760
0.134930
0.306224
0.756143
0.789001
0.080472
0.473560
0.508421
0.456178
0.760831
0.791914
0.288717
0.902753
0.912525
0.033396
0.478902
0.316807
0.318334
0.069790
0.005455
0.993477
0.021499
0.590625
0.126919
0.426558
0.138289
0.323150
0.685838
0.180745
0.832710
0.760792
0.283505
0.967639
0.067015
0.039648
0.756641
0.147488
0.513208
0.265061
0.603665
0.274038
0.056976
0.892383
0.176791
0.969501
0.925778
0.655694
0.286307
0.244112
0.725484
0.291763
0.237589
0.746983
0.882388
0.364508
0.173541
0.020677
0.687659
0.859379
0.201422
0.520368
0.620171
0.484927
0.488008
0.687186
0.524575
0.244648
0.834674
0.037783
0.509710
0.438339
0.311821
0.566685
0.330722
0.488613
0.536186
0.256500
0.144307
0.822493
0.500612
0.869790
0.114256
0.738201
0.616773
0.996644
0.102709
0.790314
0.017321
0.790368
0.649693
0.218743
0.310736
0.269864
0.703670
0.798744
0.957050
0.228245
0.043392
0.791724
0.266028
0.553102
0.230064
0.577849
0.119787
0.560786
0.066462
0.655973
0.817286
0.210769
0.478466
0.317898
0.080559
0.592722
0.056099
0.697332
0.589366
0.158808
0.487646
0.606687
0.949176
0.137339
0.825430
0.259912
0.407203
0.529099
0.058656
0.364253
0.757344
0.102049
0.155977
0.023372
0.655150
0.386041
0.601222
0.774937
0.946826
0.667684
0.430910
0.764112
0.878452
0.909376
0.082010
0.959011
0.502099
0.138108
0.656343
0.091465
0.296917
0.143989
0.698152
0.246093
0.281328
0.523582
0.506005
0.688530
0.052681
0.564662
0.052783
0.810025
0.666710
0.208760
0.833398
0.321861
0.594801
0.434619
0.096798
0.541627
0.102303
0.527708
0.305739
0.980755
0.437084
0.387748
0.939767
0.939183
0.525857
0.596109
0.030648
0.822774
0.740098
0.728800
0.068866
0.021426
0.252382
0.574871
0.709956
0.305063
0.139533
0.762739
0.115088
0.806243
0.971500
0.948486
0.128104
0.566300
0.383105
0.224902
0.107927
0.485408
0.752610
0.413666
0.466163
0.189695
0.801415
0.405930
0.128878
0.327272
0.002039
0.159525
0.150045
0.742137
0.888325
0.218912
0.763563
0.140707
0.793783
0.473519
0.445770
0.933316
0.236258
0.560858
0.739559
0.207758
0.509343
0.867663
0.774058
0.892448
0.092565
0.881986
0.377856
0.845175
0.295652
0.844020
0.034870
0.097067
0.249949
0.163747
0.424338
0.251989
0.323273
0.574384
0.994126
0.211598
0.793295
0.757689
0.352305
0.587079
0.231208
0.798074
0.520395
0.467466
0.358932
0.259954
0.675224
0.868275
0.127617
0.449282
0.760724
0.220182
0.331268
0.138580
0.065357
0.626920
0.982600
0.100227
0.723987
0.232549
0.263974
0.148325
0.484537
0.587247
0.722709
0.478663
0.798845
0.516004
0.236352
0.151150
0.103083
0.467560
0.949224
0.623478
0.935026
0.308156
0.883432
0.610250
0.176432
0.011049
0.059532
0.937155
0.231231
0.390800
0.075735
0.296589
0.017720
0.058335
0.396816
0.741706
0.290884
0.660790
0.890031
0.775421
0.248037
0.612740
0.254084
0.046882
0.128745
0.490437
0.198032
0.231828
0.957996
0.147256
0.855305
0.893022
0.455412
0.738737
0.503272
0.631844
0.749786
0.562804
0.568999
0.981018
0.953604
0.644735
0.277607
0.971324
0.703070
0.674423
0.713030
0.993953
0.335213
0.603061
0.769375
0.583250
0.215801
0.023459
0.630132
0.344546
0.513896
0.828164
0.576373
0.471892
0.975421
0.431679
0.364914
0.430833
0.170416
0.868187
0.062677
0.920202
0.430991
0.631677
0.901220
0.384595
0.276411
0.178826
0.355918
0.979481
0.853249
0.068948
0.973435
0.188461
0.672009
0.742809
0.771712
0.887811
0.766268
0.401844
0.232356
0.280164
0.230008
0.808730
0.752056
0.205429
0.240409
0.116970
0.636262
0.410824
0.985157
0.698939
0.331026
0.416148
0.330616
0.232246
0.800742
0.607027
0.411072
0.156660
0.586508
0.264320
0.225608
0.559943
0.452782
0.897618
0.302752
0.224494
0.785428
0.069021
0.626337
0.017785
0.349185
0.856346
0.826514
0.101241
0.061775
0.066923
0.218211
0.698036
0.477747
0.203368
0.396976
0.808774
0.619516
0.727591
0.041019
0.420258
0.334619
0.452091
0.576918
0.921127
0.716412
0.802527
0.481070
0.169194
0.700144
0.783822
0.393687
0.485573
0.852843
0.020025
0.503357
0.202028
0.876370
0.329872
0.303269
0.938145
0.396795
0.521480
0.636181
0.874542
0.724848
0.033157
0.683316
0.344364
0.760748
0.724335
0.764622
0.095367
0.176426
0.341540
0.016494
0.892838
0.144066
0.497564
0.062032
0.844211
0.281386
0.455719
0.329784
0.134229
0.475744
0.833141
0.336257
0.352114
0.163013
0.639525
0.290259
0.559807
0.161005
0.926440
0.434349
0.885853
0.959597
0.117665
0.230216
0.720345
0.842000
0.994838
0.815712
0.018426
0.336378
0.832205
0.911265
0.480444
0.329769
0.973296
0.324655
0.611155
0.429015
0.654439
0.745384
0.904759
0.487580
0.081640
0.256873
0.650592
0.721165
0.547131
0.210399
0.882170
0.473572
0.644749
0.768023
0.433169
0.762414
0.998239
0.153514
0.604414
0.993077
0.969226
0.622840
0.329455
0.801431
0.534105
0.809899
0.131200
0.507401
0.134554
0.742355
0.936416
0.788993
0.487739
0.841175
0.276573
0.569379
0.098048
0.927165
0.290544
0.645179
0.137564
0.172715
0.118751
0.782313
0.940738
0.551919
0.544727
0.938977
0.705433
0.149141
0.932055
0.674659
0.771981
0.261510
0.476090
0.306086
0.071409
0.607290
0.813487
0.205963
0.349645
0.749904
0.994956
0.837384
0.591079
0.271529
0.406763
0.689127
0.198693
0.697307
0.334306
0.336257
0.870022
0.453057
0.118570
0.810760
0.004976
0.663297
0.749737
0.710409
0.812438
0.681791
0.385068
0.584419
0.943301
0.861158
0.890505
0.014710
0.468448
0.703993
0.220673
0.818093
0.453897
0.215629
0.655477
0.044976
0.487158
0.062240
0.734102
0.685851
0.759547
0.068408
0.022109
0.629569
0.521465
0.140679
0.440328
0.526441
0.803976
0.190065
0.236850
0.616414
0.871856
0.621919
0.200833
0.815157
0.483077
0.091339
0.829867
0.951525
0.795332
0.050540
0.769618
0.249228
0.266169
0.425095
0.294204
0.753327
0.487334
0.028307
0.439178
0.246881
0.096715
0.461287
0.876450
0.618180
0.601966
0.316778
0.144621
0.405943
0.506844
0.381472
0.022357
0.378700
0.003390
0.223190
0.193857
0.486467
0.314529
0.023724
0.437991
0.109861
0.074264
0.207609
0.359089
0.340432
0.632703
0.653294
0.093759
0.120038
0.681600
0.532937
0.366919
0.778315
0.994224
0.243369
0.396495
0.596191
0.560147
0.541116
0.002133
0.066991
0.922588
0.024490
0.445691
0.925978
0.247681
0.639548
0.412444
0.562210
0.663272
0.850436
0.672071
0.737535
0.058045
0.031160
0.077968
0.690748
0.684454
0.171727
0.810786
0.366054
0.704664
0.177705
0.144369
0.698889
0.421074
0.540864
0.295079
0.981221
0.081980
0.297213
0.048212
0.004568
0.321703
0.493903
0.930545
0.569384
0.133450
0.342990
0.131593
0.796722
0.193426
0.803664
0.534257
0.251470
0.834825
0.612225
0.942218
0.519279
0.783952
0.753004
0.885333
0.488616
0.930709
0.029702
0.187505
0.351783
0.570565
0.482584
0.333004
0.652545
0.779797
0.381216
0.657113
0.101500
0.875118
0.587658
0.670884
0.008568
0.930648
0.802477
0.805290
0.124074
0.606141
0.339547
0.375544
0.440966
0.951772
0.317762
0.960244
0.735724
0.070767
0.845577
0.224340
0.001476
0.875279
0.411845
0.353258
0.445844
0.894429
0.686262
0.098390
0.674226
0.067478
0.755503
0.775726
0.942596
0.343161
0.446609
0.951164
0.273809
0.249086
0.756455
0.397883
0.855228
0.096002
0.773427
0.296194
0.047774
0.091190
0.256438
0.783498
0.161956
0.102015
0.007838
0.163432
0.977294
0.419682
0.516690
0.423138
0.314111
0.202952
0.521527
0.988337
0.270430
0.277030
0.764063
0.213026
0.620191
0.210672
0.164190
0.894000
0.459759
0.920644
0.291883
0.314986
0.016646
0.065310
0.611180
0.064421
0.156499
0.867618
0.847919
0.318456
0.969633
0.855756
0.481888
0.946926
0.275438
0.998578
0.370064
0.589549
0.201530
0.891591
0.577886
0.471960
0.168621
0.341949
0.684985
0.788811
0.552621
0.849175
0.682811
0.012380
0.769819
0.974694
0.327366
0.786466
0.040004
0.938546
0.850886
0.196503
0.806164
0.698805
0.514959
0.775797
0.554561
0.996846
0.722723
0.829999
0.995424
0.092787
0.419549
0.196954
0.984378
0.997435
0.668914
0.152999
0.339384
0.353899
0.941810
0.892005
0.203073
0.624621
0.904385
0.972893
0.599315
0.231751
0.759359
0.639318
0.170298
0.610245
0.835821
0.976461
0.309050
0.350780
0.752258
0.863611
0.347627
0.474981
0.693610
0.343051
0.567768
0.113159
0.540005
0.552146
0.110594
0.208918
0.705144
0.449978
0.562817
0.646954
0.341983
0.765890
0.271575
0.246369
0.738783
0.870890
0.478120
0.498142
0.510209
0.648418
0.108387
0.346030
0.624879
0.417436
0.696810
0.377137
0.281047
0.044437
0.852118
0.974658
0.387487
0.419886
0.087817
0.927492
0.972031
0.198411
0.136410
0.677176
0.648389
0.699227
0.324130
0.990372
0.465117
0.595706
0.236741
0.203900
0.466596
0.714861
0.702042
0.976805
0.363279
0.810428
0.322835
0.988158
0.227865
0.019645
0.365295
0.508912
0.064082
0.217413
0.483570
0.451569
0.637298
0.571387
0.379061
0.609329
0.769798
0.515471
0.286505
0.418187
0.214698
0.610635
0.408559
0.679815
0.206341
0.645300
0.883716
0.672937
0.360161
0.585757
0.649741
0.723440
0.396186
0.972576
0.711597
0.624051
0.992221
0.076892
0.132963
0.056302
0.294304
0.616532
0.507872
0.931602
0.187919
0.886933
0.540932
0.957717
0.402404
0.827437
0.375903
0.617103
0.438072
0.784463
0.296918
0.644413
0.429763
0.180634
0.317349
0.789923
0.766391
0.967090
0.513363
0.162577
0.939666
0.224960
0.786628
0.931887
0.301852
0.919590
0.988189
0.596156
0.536123
0.496061
0.527759
0.724042
0.382993
0.068690
0.681759
0.785398
0.896127
0.057662
0.402500
0.334199
0.842125
0.699418
0.978612
0.271887
0.880052
0.295961
0.061811
0.646443
0.263051
0.575174
0.809020
0.202717
0.800134
0.595648
0.134604
0.101986
0.515238
0.122793
0.698142
0.051361
0.618854
0.225901
0.775403
0.001847
0.294591
0.457161
0.787245
0.190718
0.514824
0.189745
0.524917
0.356948
0.889164
0.503529
0.628836
0.769216
0.799490
0.690646
0.415659
0.062541
0.265820
0.224680
0.265259
0.065954
0.820328
0.399863
0.167940
0.335566
0.522656
0.866081
0.386927
0.141509
0.091982
0.162330
0.143357
0.386573
0.619491
0.930601
0.577291
0.134315
0.120346
0.102208
0.491263
0.009510
0.605737
0.120099
0.778726
0.405227
0.810745
0.194385
0.467768
0.076565
0.419065
0.733027
0.142519
0.239393
0.132890
0.310458
0.574959
0.655545
0.176540
0.961886
0.797055
0.268522
0.124216
0.940411
0.655095
0.743707
0.871013
0.232385
0.878022
0.991359
0.334594
0.369285
0.000869
0.940331
0.489384
0.779595
0.345558
0.300129
0.973980
0.813326
0.376694
0.393046
0.546353
0.519213
0.632438
0.679243
0.829672
0.207397
0.334788
0.006211
0.169284
0.131843
0.274733
0.293499
0.072255
0.929828
0.037206
0.943267
0.162213
0.915229
0.934626
0.496807
0.284514
0.935496
0.437137
0.773898
0.715091
0.782695
0.074027
0.689071
0.596021
0.450722
0.082117
0.142374
0.969935
0.714555
0.821617
0.799607
0.921953
0.156406
0.805818
0.091236
0.288249
0.080551
0.384736
0.360503
0.010379
0.421942
0.303771
0.172592
0.337171
0.238397
0.669399
0.621685
0.173893
0.106536
0.395583
0.888983
0.889231
0.469610
0.578055
0.485252
0.920332
0.660172
0.627626
0.890267
0.374727
0.449244
0.689874
0.296680
0.605649
0.495692
0.387916
0.893898
0.576243
0.772652
0.254401
0.586622
0.194594
0.558172
0.759214
0.531765
0.796569
0.428612
0.153449
0.970461
0.535148
0.549032
0.859445
0.424379
0.018642
0.437500
0.909631
0.938974
0.097671
0.537257
0.829240
0.472398
0.986501
0.519114
0.769078
0.592150
0.014806
0.156994
0.486048
0.591049
0.929646
0.740449
0.177670
0.124240
0.298621
0.936884
0.656005
0.095190
0.365496
0.809454
0.065652
0.900644
0.358486
0.925097
0.325023
0.377127
0.362596
0.234654
0.316101
0.460267
0.771911
0.145341
0.932665
0.758412
0.664455
0.701743
0.350562
0.679261
0.858737
0.836610
0.270310
0.788383
0.577059
0.447980
0.912623
0.875681
0.384864
0.568628
0.970871
0.750360
0.378081
0.036523
0.651004
0.736567
0.961620
0.976027
0.113694
0.324216
0.210681
0.429795
0.784483
0.982592
0.575137
0.717148
0.741004
0.239592
0.418892
0.091566
0.918853
0.277629
0.928176
0.189163
0.066012
0.505235
0.637143
0.978635
0.380916
0.022007
0.547262
0.351788
0.772367
0.925344
0.388311
0.423371
0.661911
0.349930
0.399399
0.775605
0.674146
0.610080
0.205400
0.458629
0.592672
0.780537
0.175777
0.333676
0.020129
0.594669
0.425242
0.938983
0.872298
0.353417
0.128146
0.938309
0.858653
0.765289
0.916944
0.239569
0.787297
0.464207
0.591357
0.559664
0.389550
0.979667
0.983035
0.051461
0.329597
0.382434
0.827066
0.003743
0.992513
0.032467
0.462372
0.585185
0.813004
0.638149
0.918860
0.833133
0.232818
0.344102
0.772116
0.105116
0.697519
0.900262
0.043425
0.556172
0.665552
0.960369
0.795741
0.452848
0.424576
0.387098
0.012512
0.814127
0.366765
0.995547
0.865588
0.696363
0.377981
0.692654
0.700106
0.370494
0.725121
0.162478
0.955679
0.538125
0.800628
0.874539
0.371258
0.033446
0.218641
0.143374
0.138561
0.916160
0.043637
0.181987
0.472332
0.709189
0.142356
0.268074
0.162037
0.566932
0.655172
0.174549
0.381059
0.021937
0.170096
0.246647
0.718300
0.548077
0.939301
0.418406
0.918571
0.664422
0.580884
0.874249
0.202547
0.381512
0.748788
0.573805
0.414957
0.967429
0.717179
0.553519
0.883590
0.760816
0.735505
0.355922
0.470005
0.877861
0.623996
0.632042
0.444793
0.279167
0.806590
0.825852
0.301104
0.976686
0.072499
0.019404
0.524763
0.011800
0.437809
0.443334
0.676222
0.018693
0.317583
0.878769
0.400205
0.066372
0.452574
0.815162
0.033801
0.169753
0.368681
0.917391
0.930569
0.104186
0.273313
0.400574
0.982047
0.897309
0.032616
0.426841
0.176476
0.839206
0.252693
0.477581
0.815892
0.325192
0.496985
0.340656
0.336992
0.934794
0.783990
0.013214
0.953487
0.101573
0.891983
0.353692
0.167945
0.344556
0.168854
0.201746
0.514309
0.537535
0.119137
0.444878
0.641722
0.392450
0.845453
0.623769
0.289759
0.878068
0.050610
0.466235
0.717274
0.303303
0.943816
0.533166
0.628495
0.440801
0.873822
0.965487
0.375595
0.657812
0.978701
0.329082
0.759385
0.870684
0.682774
0.927329
0.215240
0.851629
0.129075
0.729549
0.389164
0.248212
0.174428
0.030886
0.640662
0.019880
0.654655
0.930421
0.897948
0.705265
0.396656
0.615222
0.008568
0.340473
0.148389
0.637063
0.781274
0.022211
0.602550
0.156868
0.680023
0.581251
0.485951
0.439407
0.451935
0.168725
0.366737
0.667175
0.020354
0.495812
0.396724
0.409518
0.744024
0.571151
0.440404
0.384686
0.591031
0.095059
0.315107
0.488979
0.800323
0.711763
0.104201
0.808891
0.052236
0.252590
0.445954
0.833509
0.274801
0.048504
0.990378
0.954824
0.629755
0.476328
0.394231
0.081690
0.645053
0.760967
0.748864
0.665407
0.256779
0.145588
0.074926
0.000803
0.716739
0.515330
0.385489
0.307770
0.610388
0.700595
0.796750
0.410712
0.412359
0.900951
0.219603
0.464594
0.153541
0.665557
0.298103
0.428342
0.714060
0.288481
0.383166
0.343815
0.764809
0.777397
0.425505
0.409863
0.538364
0.174369
0.075270
0.795143
0.319957
0.150196
0.795947
0.036696
0.665526
0.181435
0.344467
0.275914
0.882031
0.141216
0.686626
0.294389
0.042168
0.906229
0.758984
0.195709
0.571785
0.057087
0.624051
0.285846
0.345568
0.007217
0.629661
0.110378
0.784614
0.055166
0.520240
0.322978
0.229535
0.595510
0.118121
0.549492
0.745706
0.914068
0.586189
0.411232
0.095503
0.930655
0.687146
0.977534
0.071872
0.373772
0.271923
0.114039
0.280001
0.030907
0.309748
0.851786
0.087994
0.933799
0.137631
0.433562
0.941016
0.767292
0.543940
0.725630
0.822458
0.064180
0.048607
0.051993
0.659690
0.166729
0.601485
0.405397
0.080796
0.187674
0.816629
0.176299
0.118329
0.503775
0.153833
0.190201
0.877547
0.425756
0.304241
0.157548
0.456663
0.613989
0.009334
0.544657
0.547788
0.146965
0.978219
0.488805
0.914257
0.522159
0.214435
0.736715
0.586339
0.263042
0.788708
0.246029
0.429771
0.390193
0.651426
0.510567
0.577867
0.468054
0.686866
0.696197
0.971829
0.840699
0.886398
0.849376
0.266456
0.190638
0.006924
0.723119
0.804628
0.016257
0.267776
0.352416
0.163222
0.245995
0.841221
0.077480
0.768154
0.055655
0.814195
0.354493
0.318697
0.602903
0.600522
0.748468
0.993096
0.251948
0.259035
0.570964
0.720002
0.945901
0.267160
0.691831
0.786600
0.153558
0.541207
0.053056
0.344196
0.548131
0.776175
0.148824
0.564389
0.043951
0.501240
0.727611
0.289947
0.342461
0.805091
0.058101
0.398116
0.619286
0.412594
0.716813
0.222189
0.013116
0.465281
0.215285
0.265063
0.724315
0.786249
0.985065
0.670216
0.053409
0.676897
0.456817
0.206967
0.218104
0.509873
0.551164
0.766235
0.286048
0.699988
0.330624
0.330000
0.201228
0.058235
0.619946
0.543688
0.863326
0.678047
0.941804
0.482612
0.090641
0.658617
0.704801
0.103757
0.123898
0.920086
0.368820
0.848213
0.706335
0.353885
0.518429
0.759744
0.030782
0.975246
0.966712
0.248886
0.485119
0.517876
0.015121
0.771167
0.217863
0.345745
0.101167
0.419091
0.403980
0.721113
0.962779
0.267306
0.399160
0.904583
0.749918
0.489801
0.563200
0.454718
0.593558
0.687098
0.374805
0.962378
0.535311
0.081140
0.316263
0.053740
0.840884
0.347044
0.028986
0.807596
0.595930
0.514105
0.325472
0.611051
0.285272
0.543335
0.956796
0.386439
0.962426
0.360776
0.107552
0.925205
0.628082
0.506712
0.829788
0.378000
0.996513
0.392988
0.832718
0.590071
0.080086
0.207523
0.552449
0.615397
0.288663
0.868712
0.669137
0.129547
0.215756
0.698123
0.937143
0.811686
0.212228
0.262615
0.422737
0.497501
0.805949
0.379533
0.883939
0.768375
0.740310
0.991491
0.693580
0.368392
0.498203
0.523368
0.746391
0.494716
0.916357
0.579110
0.084787
0.996443
0.786633
0.637235
0.611839
0.075295
0.505947
0.280976
0.204842
0.721703
0.979100
0.141985
0.533389
0.191328
0.404600
0.956127
0.688829
0.210549
0.335660
0.572768
0.978925
0.075970
0.564259
0.672505
0.444361
0.062461
0.195873
0.190753
0.557177
0.112230
0.769862
0.641964
0.108673
0.556495
0.279199
0.720512
0.631790
0.785146
0.001489
0.836633
0.506849
0.980588
0.978618
0.040238
0.171916
0.383218
0.996365
0.860745
0.593767
0.332025
0.433513
0.572691
0.407995
0.997772
0.245196
0.852356
0.060233
0.441070
0.043109
0.617410
0.553300
0.812971
0.259374
0.661972
0.369466
0.538573
0.382484
0.001256
0.323719
0.383973
0.837889
0.830567
0.364561
0.816507
0.870806
0.536478
0.199724
0.867171
0.397223
0.793491
0.199196
0.830736
0.366182
0.607190
0.828508
0.611379
0.459546
0.888741
0.052448
0.502655
0.506152
0.605748
0.315626
0.765525
0.267720
0.685092
0.304098
0.650204
0.686349
0.627817
0.034177
0.524238
0.458384
0.398739
0.340745
0.329190
0.935216
0.540469
0.196360
0.332439
0.333960
0.395556
0.163175
0.700142
0.002747
0.991683
0.311521
0.462293
0.880424
0.363969
0.964948
0.386576
0.969717
0.280574
0.152101
0.237436
0.965666
0.456199
0.887641
0.652015
0.084016
0.921818
0.176252
0.542400
0.320557
0.516997
0.871589
0.255773
0.057466
0.067950
0.588213
0.391426
0.463506
0.751388
0.091568
0.466253
0.743071
0.403089
0.928546
0.623495
0.767058
0.893494
0.010070
0.736775
0.174068
0.162171
0.974211
0.139734
0.618370
0.861852
0.791748
0.702386
0.783670
0.968001
0.244785
0.104227
0.484997
0.116375
0.360001
0.542463
0.184324
0.948213
0.933889
0.647830
0.699601
0.025457
0.114083
0.442672
0.428546
0.042629
0.066166
0.195604
0.936122
0.076236
0.932379
0.110190
0.238408
0.906590
0.249924
0.856778
0.768442
0.041672
0.559163
0.552112
0.009673
0.803949
0.656339
0.494670
0.920323
0.016340
0.037133
0.104647
0.964553
0.971022
0.752478
0.664155
0.996479
0.866560
0.106826
0.425026
0.909189
0.172993
0.620630
0.845311
0.249229
0.553008
0.955501
0.487637
0.459598
0.205425
0.344414
0.228040
0.247097
0.903578
0.780152
0.256770
0.707526
0.436491
0.751441
0.627850
0.452831
0.788574
0.732497
0.417385
0.759597
0.484975
0.081539
0.756076
0.351535
0.188366
0.181101
0.260724
0.361358
0.801731
0.106035
0.610587
0.354740
0.061537
0.098224
0.814338
0.266962
0.442638
0.042378
0.514059
0.346216
0.822530
0.770830
0.053742
0.259021
0.522271
0.681592
0.711853
0.310845
0.414089
0.129237
0.070441
0.899063
0.210777
0.826517
0.250598
0.399142
0.007619
0.511323
0.760501
0.809350
0.617358
0.371088
0.164089
0.678895
0.469312
0.978427
0.945857
0.911950
0.020805
0.459916
0.258165
0.843335
0.230746
0.311908
0.102357
0.753016
0.993499
0.814209
0.063861
0.407588
0.943447
0.134302
0.306652
0.154224
0.960819
0.557250
0.553366
0.968438
0.068573
0.313867
0.777788
0.685931
0.684954
0.941877
0.364825
0.154266
0.920305
0.310682
0.066215
0.941110
0.770598
0.324381
0.784446
0.001344
0.636289
0.886803
0.754360
0.629788
0.701012
0.818221
0.037376
0.644459
0.952524
0.344028
0.798682
0.913343
0.901278
0.352048
0.881781
0.969851
0.665915
0.659569
0.655781
0.350869
0.601446
0.020607
0.505135
0.521751
0.331289
0.571351
0.462861
0.101887
0.895731
0.247307
0.103231
0.532020
0.134110
0.857591
0.161808
0.835121
0.675813
0.199184
0.479580
0.628336
0.543212
0.278263
0.541680
0.444490
0.630311
0.423461
0.414341
0.296226
0.083030
0.070122
0.647095
0.684476
0.090728
0.152230
0.206227
0.422017
0.723581
0.669089
0.523904
0.619312
0.916396
0.627135
0.151332
0.050506
0.484726
0.313140
0.885627
0.160538
0.512325
0.365207
0.788875
0.055537
0.643470
0.330554
0.500027
0.273781
0.754015
0.914368
0.570006
0.837045
0.984490
0.217102
0.521522
0.075218
0.369332
0.727749
0.497235
0.092912
0.396838
0.021139
0.712224
0.313234
0.648273
0.863557
0.363739
0.132999
0.176697
0.249367
0.293537
0.689022
0.614574
0.082412
0.744558
0.258044
0.412967
0.244585
0.531824
0.166982
0.158953
0.101831
0.004027
0.143443
0.318932
0.525549
0.218661
0.688264
0.253298
0.715896
0.781176
0.650136
0.737035
0.493401
0.963370
0.385308
0.356957
0.327110
0.518307
0.533654
0.576476
0.811845
0.222675
0.191050
0.894257
0.967234
0.449093
0.307223
0.211819
0.980918
0.474205
0.370772
0.082748
0.478233
0.514215
0.401680
0.003781
0.732876
0.089944
0.257080
0.448772
0.871120
0.907216
0.185807
0.364521
0.870586
0.571115
0.721478
0.197696
0.089422
0.255132
0.774172
0.901267
0.477808
0.965222
0.795524
0.445041
0.414315
0.102747
0.656861
0.395233
0.576953
0.027633
0.477981
0.055185
0.541848
0.879661
0.058967
0.274724
0.969605
0.316046
0.723496
0.840726
0.223262
0.909302
0.205247
0.093848
0.480417
0.926725
0.291544
0.569839
0.181857
0.065715
0.471106
0.659664
0.030937
0.266630
0.104706
0.445252
0.369378
0.761567
0.840484
0.946330
0.789200
0.318465
0.001516
0.331048
0.198126
0.060482
0.605772
0.167732
0.376529
0.329268
0.008458
0.599791
0.238570
0.213704
0.693639
0.718987
0.140429
0.985182
0.288827
0.322286
0.050897
0.759933
0.981950
0.081834
0.026563
0.086656
0.527086
0.395941
0.848223
0.367571
0.342271
0.637423
0.686036
0.343787
0.968471
0.884162
0.404269
0.574243
0.051894
0.780798
0.903510
0.060352
0.380588
0.142081
0.274056
0.074227
0.861068
0.414485
0.059409
0.149894
0.736771
0.110306
0.909827
0.718721
0.192141
0.936391
0.805378
0.719227
0.332331
0.653600
0.086797
0.674602
0.291023
0.772833
0.018389
0.259494
0.656996
0.422658
0.833737
0.708890
0.203456
0.737247
0.769241
0.584044
0.879327
0.043297
0.658271
0.740395
0.457782
0.717680
0.890290
0.194553
0.827986
0.800117
0.913274
0.020127
0.736508
0.718652
0.739354
0.068839
0.372252
0.826151
0.743441
0.663276
0.598985
0.761830
0.922769
0.255980
0.184488
0.756506
0.964870
0.387944
0.493753
0.734112
0.971988
0.373080
0.777409
0.630259
0.113476
0.235191
0.347939
0.003765
0.429745
0.175925
0.803882
0.343019
0.196052
0.540390
0.061671
0.935406
0.609229
0.433923
0.761557
0.352670
0.097199
0.360542
0.114500
0.019968
0.616522
0.298989
0.776474
0.581393
0.686933
0.270227
0.315504
0.658921
0.643307
0.092913
0.289180
0.756783
0.328105
0.637118
0.760548
0.757849
0.813043
0.564431
0.100868
0.009095
0.104820
0.162539
0.944501
0.714049
0.596462
0.706058
0.066719
0.693660
0.066600
0.181219
0.713628
0.683123
0.480208
0.490102
0.264515
0.167141
0.760329
0.580020
0.826062
0.403636
0.672933
0.115242
0.160419
0.001038
0.752360
0.920967
0.758887
0.565404
0.485398
0.859755
0.574499
0.590218
0.022294
0.519000
0.304268
0.618756
0.225058
0.370987
0.312416
0.291658
0.552206
0.026045
0.974781
0.032414
0.516147
0.239297
0.199556
0.276476
0.819317
0.025618
0.680113
0.492250
0.140860
0.840532
0.493288
0.893221
0.761499
0.252175
0.458625
0.246897
0.111930
0.033123
0.837116
0.134224
0.552123
0.141383
0.752980
0.777181
0.512370
0.065396
0.068840
0.064576
0.091441
0.043621
0.096990
0.607589
0.282918
0.296546
0.884065
0.102234
0.322164
0.564178
0.594484
0.463025
0.404709
0.087772
0.356246
0.166209
0.339947
0.814870
0.413106
0.451877
0.847994
0.250222
0.586101
0.400117
0.391605
0.339081
0.177298
0.903975
0.404477
0.246138
0.968550
0.495918
0.289759
0.065541
0.103507
0.572677
0.362087
0.987572
0.674912
0.684252
0.551749
0.269396
0.147276
0.956459
0.357167
0.503522
0.122668
0.697114
0.318392
0.535774
0.148990
0.166386
0.785995
0.735091
0.566502
0.177600
0.074172
0.743801
0.081575
0.478649
0.989939
0.050125
0.974567
0.279698
0.115666
0.078074
0.852375
0.477753
0.065646
0.527287
0.162005
0.617395
0.796682
0.309281
0.573854
0.153850
0.812803
0.696522
0.850963
0.131195
0.232296
0.999954
0.297581
0.018291
0.735045
0.864083
0.195892
0.809216
0.607884
0.277467
0.287865
0.597823
0.327592
0.262432
0.877521
0.443258
0.340506
0.729896
0.921012
0.406152
0.257182
0.083017
0.023548
0.053864
0.392298
0.597402
0.207714
0.205101
0.293924
0.058677
0.336296
0.526220
0.058631
0.633877
0.544511
0.793676
0.497960
0.740403
0.602892
0.105844
0.017870
0.890757
0.703667
0.345462
0.153189
0.581187
0.788721
0.493695
0.311083
0.709732
0.899847
0.568265
0.792749
0.923394
0.622129
0.185047
0.520796
0.829843
0.390148
0.814720
0.888520
0.726444
0.340941
0.947151
0.360321
0.885452
0.740827
0.858281
0.625855
0.343719
0.964125
0.643725
0.234476
0.667791
0.989187
0.387665
0.248979
0.777908
0.881360
0.560061
0.487640
0.781207
0.128326
0.280389
0.704601
0.750456
0.465436
0.225397
0.580299
0.855584
0.040118
0.468819
0.582027
0.381058
0.415971
0.942348
0.266510
0.156798
0.800629
0.892366
0.500517
0.764753
0.536091
0.734993
0.432545
0.525278
0.122658
0.681524
0.303186
0.004017
0.241585
0.790826
0.785224
0.369911
0.071216
0.489825
0.120367
0.536651
0.715222
0.700666
0.392235
0.755340
0.169485
0.974262
0.136398
0.585456
0.916610
0.402909
0.742254
0.717239
0.295275
0.242771
0.481992
0.831366
0.977764
0.914537
0.356644
0.100422
0.596061
0.659830
0.104439
0.837646
0.450657
0.889663
0.207557
0.521872
0.379487
0.327924
0.058524
0.094710
0.028590
0.450759
0.850050
0.198076
0.425021
0.986448
0.783532
0.341631
0.389357
0.525786
0.058870
0.684632
0.768557
0.540863
0.515997
0.746321
0.455400
0.872641
0.846743
0.051461
0.532472
0.951181
0.889107
0.983129
0.840844
0.096664
0.505001
0.220332
0.424588
0.563525
0.315041
0.453178
0.014283
0.165091
0.651254
0.439304
0.151539
0.434786
0.780936
0.540896
0.960572
0.839806
0.225528
0.729128
0.380669
0.741525
0.475449
0.836069
0.614166
0.322192
0.887529
0.146638
0.273374
0.776636
0.129767
0.114218
0.873300
0.634767
0.334549
0.297888
0.198292
0.649591
0.751066
0.212575
0.814682
0.402320
0.651880
0.966221
0.837106
0.432816
0.507117
0.797678
0.272622
0.732644
0.526806
0.653290
0.474169
0.002255
0.489359
0.088335
0.324448
0.376888
0.234974
0.597821
0.153524
0.364740
0.712039
0.026824
0.999508
0.046588
0.324712
0.197800
0.696179
0.075779
0.410375
0.510860
0.478099
0.062255
0.477081
0.315205
0.495071
0.984197
0.112883
0.767692
0.716842
0.639689
0.420982
0.191011
0.641944
0.910341
0.279346
0.966392
0.287229
0.514320
0.564213
0.440754
0.879060
0.276252
0.467578
0.878568
0.322840
0.792290
0.076367
0.019019
0.868069
0.486743
0.529879
0.346168
0.548998
0.006960
0.661373
0.044068
0.991157
0.774256
0.811760
0.707999
0.413945
0.232742
0.899010
0.055889
0.143084
0.178356
0.022280
0.430313
0.692676
0.586493
0.871067
0.571736
0.862744
0.338645
0.450303
0.185584
0.130935
0.526671
0.204603
0.999004
0.013414
0.734482
0.345173
0.562411
0.741442
0.006546
0.606479
0.732599
0.780802
0.418239
0.440598
0.194747
0.650982
0.339608
0.250635
0.794065
0.517964
0.272916
0.224378
0.210640
0.859409
0.095445
0.782376
0.722153
0.434089
0.232679
0.907737
0.565024
0.759350
0.112340
0.564029
0.772764
0.846822
0.909201
0.335175
0.588264
0.915748
0.941654
0.320863
0.696550
0.359893
0.761461
0.891296
0.010875
0.101070
0.141932
0.804940
0.619034
0.414847
0.029318
0.829674
0.274256
0.124763
0.612049
0.996409
0.558853
0.844728
0.904146
0.123877
0.604079
0.016486
0.687906
0.376842
0.863308
0.597107
0.712017
0.451572
0.512855
0.653671
0.772435
0.209404
0.013564
0.533897
0.100701
0.024439
0.634966
0.242633
0.829379
0.254000
0.657480
0.858698
0.083674
0.931736
0.983461
0.695723
0.928145
0.542314
0.540451
0.832291
0.666190
0.144530
0.848777
0.354096
0.521372
0.712086
0.951203
0.233389
0.163658
0.464058
0.887060
0.936093
0.673462
0.900624
0.469989
0.774163
0.925063
0.104955
0.016796
0.754442
0.358955
0.674276
0.613140
0.442629
0.606012
0.596601
0.138351
0.534157
0.138915
0.678803
0.366448
0.805105
0.823333
0.215226
0.159201
0.344705
0.927311
0.110405
0.578094
0.090969
0.574463
0.465153
0.027061
0.247925
0.365777
0.497050
0.022088
0.290840
0.602006
0.038884
0.045282
0.960961
0.713160
0.658422
0.403589
0.319172
0.255024
0.541941
0.853329
0.393938
0.220743
0.219777
0.199044
0.044076
0.435003
0.358245
0.388781
0.362314
0.468650
0.966874
0.453283
0.043112
0.432028
0.480344
0.291037
0.797805
0.977394
0.313125
0.088645
0.579400
0.352009
0.133927
0.540360
0.065170
0.792349
0.943949
0.384342
0.047373
0.485890
0.237671
0.441311
0.706633
0.457449
0.640355
0.750709
0.892452
0.998600
0.139490
0.254766
0.467250
0.106364
0.708048
0.510363
0.538392
0.188392
0.801400
0.336196
0.165786
0.114525
0.424841
0.745186
0.466535
0.558768
0.285546
0.531704
0.351117
0.229495
0.916046
0.398490
0.715385
0.153717
0.839802
0.422018
0.611166
0.480157
0.172728
0.503617
0.478758
0.312218
0.758383
0.946008
0.418582
0.466431
0.456371
0.956973
0.654823
0.257771
0.293170
0.820609
0.372296
0.718011
0.565794
0.838831
0.276779
0.851340
0.370535
0.627896
0.080835
0.286582
0.026386
0.796220
0.440299
0.866188
0.218239
0.051464
0.346345
0.390967
0.555082
0.825103
0.703184
0.313465
0.771110
0.121766
0.779896
0.227481
0.078740
0.434719
0.485252
0.371909
0.255327
0.857548
0.089920
0.821122
0.696379
0.366699
0.672462
0.066914
0.994595
0.753297
0.353496
0.020981
0.549517
0.793795
0.887169
0.767756
0.845259
0.233514
0.158723
0.400341
0.058616
0.861907
0.713805
0.829727
0.983673
0.493701
0.057208
0.062413
0.928420
0.542460
0.434322
0.183747
0.400007
0.524242
0.004869
0.096386
0.890941
0.677331
0.163301
0.885535
0.430628
0.516797
0.906516
0.980145
0.310592
0.793685
0.747901
0.155851
0.027198
0.906624
0.556192
0.085815
0.768531
0.269997
0.915541
0.752204
0.763698
0.972749
0.814617
0.692118
0.515209
0.248939
0.875864
0.915216
0.773181
0.880733
0.011603
0.664121
0.558064
0.174903
0.549656
0.988692
0.691700
0.456172
0.968837
0.002292
0.249857
0.716738
0.158142
0.277055
0.623362
0.714334
0.362870
0.391893
0.984331
0.278411
0.144097
0.748029
0.251160
0.958714
0.440147
0.766369
0.207653
0.316011
0.681585
0.980833
0.196744
0.693187
0.644954
0.754808
0.868091
0.194610
0.743500
0.559791
0.650782
0.712337
0.562083
0.900639
0.429076
0.720225
0.177694
0.052438
0.434559
0.540564
0.444331
0.418890
0.818975
0.588429
0.166919
0.070135
0.547142
0.607066
0.836504
0.754795
0.923077
0.518089
0.735628
0.119822
0.211276
0.380582
0.874630
0.079367
0.575193
0.618130
0.639158
0.225975
0.330468
0.201241
0.126614
0.759544
0.921466
0.304308
0.811982
0.356025
0.844872
0.256313
0.774916
0.663847
0.844742
0.941835
0.733982
0.391884
0.548901
0.570486
0.146679
0.471978
0.088574
0.882307
0.591800
0.299850
0.262889
0.466430
0.379217
0.838082
0.084560
0.018375
0.064057
0.415028
0.219616
0.190671
0.174571
0.141082
0.494979
0.986553
0.497107
0.339851
0.242866
0.272023
0.003697
0.087608
0.213858
0.737679
0.479492
0.762759
0.308165
0.626171
0.234737
0.396739
0.508478
0.826537
0.696589
0.771367
0.292966
0.075806
0.609449
0.377526
0.094181
0.673506
0.792554
0.313797
0.864176
0.967125
0.454879
0.359155
0.953678
0.951986
0.699005
0.196544
0.224009
0.702703
0.284152
0.437867
0.440382
0.763644
0.200625
0.748546
0.389815
0.435362
0.145285
0.898292
0.261899
0.841875
0.669660
0.554865
0.917681
0.279109
0.932392
0.011862
0.952614
0.724946
0.325660
0.816790
0.692071
0.780539
0.175945
0.645749
0.732525
0.874951
0.842294
0.956533
0.577653
0.126446
0.394400
0.018035
0.890089
0.595025
0.766581
0.279904
0.030387
0.911867
0.178196
0.292286
0.753742
0.847856
0.847152
0.671423
0.126964
0.779543
0.683285
0.079579
0.504489
0.008945
0.896369
0.196560
0.789483
0.072314
0.842309
0.522008
0.947265
0.684603
0.478541
0.524918
0.811048
0.872941
0.542953
0.701138
0.467966
0.309534
0.981041
0.498353
0.221401
0.159238
0.790640
0.975143
0.007094
0.637792
0.646565
0.134058
0.417335
0.329850
0.213637
0.921824
0.338795
0.110005
0.118384
0.128278
0.182320
0.960694
0.650286
0.129584
0.645297
0.128827
0.654502
0.456345
0.001768
0.197455
0.157482
0.469734
0.506990
0.138524
0.968087
0.728391
0.297762
0.758727
0.703534
0.304855
0.396519
0.350099
0.438913
0.813854
0.679949
0.652550
0.735678
0.018745
0.762555
0.854063
0.147023
0.944875
0.814756
0.797309
0.074459
0.460053
0.926136
0.728961
0.916398
0.927904
0.926416
0.073880
0.397638
0.433406
0.212404
0.365725
0.161797
0.510166
0.124452
0.865331
0.815021
0.520970
0.215430
0.253934
0.334824
0.895379
0.906484
0.070502
0.914124
0.669039
0.924565
0.061147
0.613914
0.739321
0.858456
0.688372
0.199374
0.784592
0.417334
0.115772
0.712495
0.343750
0.189652
0.110133
0.777156
0.402056
0.475858
0.938953
0.912222
0.600310
0.804283
0.727243
0.121280
0.019713
0.981177
0.456104
0.915092
0.887661
0.526607
0.829216
0.556700
0.451172
0.890363
0.170613
0.190493
0.748818
0.858986
0.389867
0.533410
0.276320
0.505639
0.245905
0.620069
0.695291
0.356039
0.397225
0.097346
0.831896
0.336178
0.009568
0.432206
0.140462
0.736811
0.553486
0.160175
0.717988
0.009590
0.075267
0.605648
0.536197
0.904483
0.162348
0.987369
0.794846
0.332962
0.177862
0.543665
0.191948
0.567729
0.077075
0.468267
0.073368
0.322980
0.088337
0.768658
0.679019
0.485562
0.866005
0.510915
0.821740
0.875573
0.943121
0.962202
0.612384
0.496607
0.122377
0.330371
0.506198
0.197645
0.936020
0.042395
0.102128
0.098368
0.029764
0.896974
0.431329
0.207626
0.440639
0.623277
0.775355
0.517714
0.091544
0.848723
0.840694
0.179881
0.617382
0.519712
0.665443
0.483387
0.030628
0.487183
0.358960
0.973749
0.449385
0.971343
0.470356
0.571762
0.301715
0.976554
0.769407
0.237734
0.018949
0.871535
0.336102
0.048713
0.768509
0.767432
0.256339
0.209148
0.390709
0.031694
0.726862
0.482253
0.880417
0.567556
0.662133
0.497799
0.087268
0.327576
0.981186
0.117896
0.814759
0.340145
0.091644
0.264144
0.311488
0.562000
0.835907
0.613203
0.538554
0.605314
0.850937
0.557502
0.476849
0.187040
0.606215
0.245358
0.954472
0.862554
0.454507
0.345180
0.894248
0.181369
0.827433
0.774665
0.748924
0.489566
0.272464
0.836192
0.817142
0.253650
0.954088
0.631901
0.593795
0.045732
0.896046
0.905283
0.607732
0.731952
0.518486
0.146286
0.337266
0.369423
0.703788
0.814115
0.556463
0.310002
0.059473
0.510935
0.172556
0.513980
0.856115
0.066804
0.695349
0.683548
0.841469
0.444273
0.173115
0.113933
0.280465
0.990257
0.367582
0.234553
0.622158
0.961377
0.280285
0.518204
0.866660
0.888017
0.250156
0.385146
0.034303
0.587422
0.754569
0.738091
0.401537
0.311032
0.048093
0.461011
0.821967
0.220649
0.974991
0.678082
0.287453
0.670340
0.361630
0.128922
0.114613
0.534744
0.242854
0.395078
0.525001
0.610437
0.629631
0.147160
0.571814
0.909917
0.665364
0.438474
0.797934
0.915520
0.823619
0.832237
0.502943
0.578189
0.570328
0.904480
0.889221
0.618421
0.365491
0.711188
0.839070
0.340482
0.389270
0.126523
0.010821
0.750900
0.255444
0.125434
0.285644
0.498298
0.520512
0.810645
0.108735
0.150144
0.957805
0.680549
0.060060
0.623169
0.119022
0.857995
0.538689
0.942642
0.690231
0.041631
0.520830
0.260559
0.946111
0.410051
0.878980
0.311602
0.121239
0.718050
0.652084
0.510509
0.844572
0.662905
0.261408
0.100016
0.788339
0.547052
0.598315
0.308852
0.357698
0.707050
0.458995
0.315503
0.387599
0.519056
0.938671
0.506621
0.377050
0.477360
0.449263
0.067282
0.518992
0.970093
0.327841
0.465103
0.380145
0.206821
0.776705
0.501384
0.924870
0.428789
0.011892
0.769443
0.091694
0.273300
0.869459
0.880034
0.820353
0.467774
0.188885
0.178050
0.174824
0.647881
0.493553
0.562423
0.166937
0.432224
0.069044
0.543987
0.909585
0.518307
0.611269
0.428576
0.488400
0.939110
0.893680
0.868545
0.145931
0.670385
0.369928
0.070801
0.099174
0.381820
0.840244
0.190869
0.655121
0.709703
0.070902
0.475473
0.177477
0.259788
0.653524
0.352301
0.907668
0.147076
0.914723
0.074605
0.579300
0.983767
0.618592
0.488885
0.502074
0.229861
0.917461
0.990474
0.168971
0.811141
0.859019
0.314902
0.481526
0.228947
0.385703
0.580701
0.610768
0.225947
0.771569
0.265888
0.935650
0.842471
0.741362
0.113127
0.102259
0.394886
0.465427
0.009927
0.541962
0.380151
0.084532
0.121262
0.363918
0.703124
0.610147
0.865992
0.932985
0.527609
0.856467
0.101956
0.338750
0.715486
0.416857
0.820276
0.944433
0.802560
0.400977
0.555201
0.028507
0.172546
0.821089
0.964157
0.015018
0.562451
0.077283
0.117277
0.957337
0.542711
0.127204
0.499299
0.922861
0.211736
0.620561
0.286780
0.914860
0.230708
0.152772
0.847845
0.758317
0.009239
0.949800
0.097067
0.724725
0.366658
0.917343
0.669158
0.169218
0.318320
0.224359
0.197725
0.490866
0.045448
0.161881
0.505884
0.607899
0.239164
0.623160
0.565236
0.781875
0.750364
0.064535
0.704736
0.962100
0.685096
0.991516
0.876960
0.915804
0.144288
0.724805
0.674121
0.153527
0.674605
0.771188
0.878251
0.041263
0.688532
0.547409
0.210481
0.006852
0.771768
0.408205
0.497718
0.817216
0.570087
0.003602
0.425116
0.809251
0.626762
0.990352
0.591126
0.377127
0.054887
0.295862
0.339227
0.739983
0.287378
0.216187
0.655787
0.431666
0.940991
0.329909
0.585193
0.615596
0.101097
0.463444
0.656859
0.789629
0.010853
0.867340
0.796481
0.782621
0.275545
0.294199
0.599838
0.845632
0.297801
0.024953
0.654883
0.924563
0.015305
0.246009
0.301690
0.070192
0.541871
0.640917
0.810175
0.829250
0.857103
0.465963
0.260916
0.798095
0.795871
0.846109
0.413691
0.896969
0.309553
0.070551
0.686598
0.320406
0.937890
0.483078
0.103028
0.213435
0.777278
0.702866
0.059067
0.075079
0.727819
0.713950
0.999642
0.743124
0.959959
0.301332
0.813316
0.501830
0.942249
0.623492
0.331080
0.799352
0.089454
0.591996
0.597447
0.885326
0.438104
0.011138
0.782294
0.747657
0.081689
0.468892
0.068064
0.019579
0.951970
0.171092
0.233014
0.729248
0.873957
0.292081
0.804326
0.601776
0.006031
0.803968
0.344900
0.965990
0.105300
0.158217
0.467820
0.047549
0.781708
0.798899
0.846901
0.871162
0.390895
0.444348
0.756488
0.828999
0.455486
0.538782
0.576656
0.537175
0.007674
0.644720
0.556754
0.959644
0.815812
0.789768
0.688892
0.689769
0.081849
0.493218
0.291545
0.087881
0.297186
0.636445
0.053871
0.402486
0.794661
0.521690
0.450035
0.576370
0.320590
0.296936
0.447532
0.711484
0.741284
0.204020
0.540484
0.196769
0.742802
0.117140
0.733944
0.750476
0.761860
0.290698
0.710120
0.577672
0.080466
0.399012
0.267441
0.162315
0.892230
0.558985
0.250196
0.189416
0.195430
0.304066
0.591903
0.990092
0.825757
0.041938
0.566461
0.146346
0.338874
0.013993
0.857831
0.080157
0.218013
0.398314
0.276927
0.960815
0.515454
0.010871
0.711291
0.277314
0.301568
0.421411
0.854986
0.382034
0.820423
0.122427
0.544349
0.712653
0.681412
0.794545
0.902069
0.876842
0.098612
0.493972
0.866934
0.924368
0.535909
0.433395
0.070715
0.874783
0.447388
0.928545
0.954940
0.665401
0.326860
0.231867
0.626216
0.842314
0.242738
0.337506
0.119628
0.544306
0.758917
0.974614
0.926340
0.579340
0.097041
0.470690
0.291992
0.778453
0.265235
0.194061
0.655295
0.363847
0.688033
0.522229
0.288215
0.223942
0.955624
0.358930
0.098726
0.403011
0.287475
0.053666
0.068412
0.614335
0.285533
0.694628
0.456648
0.528271
0.032134
0.576277
0.072577
0.791051
0.550891
0.998918
0.370391
0.647932
0.469607
0.662384
0.426386
0.734842
0.856445
0.081681
0.098689
0.544478
0.603910
0.386904
0.768420
0.559533
0.745834
0.867146
0.962545
0.033309
0.920812
0.030957
0.647643
0.206345
0.725584
0.104292
0.734615
0.757719
0.680569
0.807193
0.548770
0.231460
0.806110
0.919161
0.879392
0.275717
0.581545
0.305778
0.010560
0.437990
0.387458
0.109249
0.982467
0.991368
0.496153
0.750888
0.550901
0.241986
0.618033
0.513446
0.275295
0.538845
0.544402
0.922938
0.745190
0.269987
0.027230
0.479805
0.027705
0.707799
0.286998
0.576475
0.939258
0.093108
0.495637
0.818650
0.368825
0.077181
0.124428
0.379385
0.515171
0.511886
0.488634
0.497638
0.503254
0.984786
0.248526
0.054155
0.226772
0.866559
0.567601
0.502067
0.405404
0.112003
0.425006
0.150594
0.381990
0.452236
0.630399
0.409695
0.160034
0.917396
0.986171
0.099293
0.010504
0.481807
0.917943
0.379329
0.558989
0.042371
0.758714
0.074160
0.554257
0.247347
0.571798
0.057512
0.232134
0.820324
0.111667
0.458906
0.686883
0.679268
0.960974
0.092287
0.791271
0.385979
0.242881
0.173261
0.838215
0.873279
0.582957
0.998249
0.790675
0.569128
0.097542
0.801179
0.050935
0.015485
0.180508
0.609924
0.057856
0.939222
0.684084
0.612113
0.186570
0.255882
0.669625
0.418703
0.076206
0.781292
0.877609
0.763089
0.460560
0.838583
0.855376
0.251832
0.224562
0.098257
0.425093
0.062777
0.971536
0.008050
0.061027
0.762211
0.577178
0.158569
0.563390
0.628113
0.174054
0.743898
0.238037
0.231910
0.683121
0.922121
0.844023
0.869690
0.178002
0.513648
0.288394
0.254208
0.294940
0.166003
0.017297
0.755501
0.004586
0.872673
0.007332
0.229148
0.970930
0.432426
0.291926
0.942465
0.440476
0.352952
0.704676
0.017654
0.511521
0.268067
0.645767
0.685575
0.011965
0.883803
0.917484
0.695086
0.805924
0.761507
0.564776
0.983926
0.275155
0.853170
0.238135
0.570096
0.019173
0.255432
0.325596
0.023759
0.128105
0.332929
0.252907
0.099034
0.765354
0.544833
0.041500
0.205830
0.897785
0.746176
0.223484
0.409306
0.014243
0.869251
0.094881
0.026208
0.753054
0.012365
0.721294
0.558978
0.773872
0.286070
0.542905
0.049027
0.139240
0.781039
0.619123
0.158413
0.036471
0.944719
0.182172
0.164575
0.277648
0.435079
0.263610
0.043003
0.979912
0.305110
0.248833
0.877698
0.051286
0.472317
0.287004
0.065528
0.341568
0.381884
0.091736
0.094622
0.394249
0.813030
0.653600
0.168121
0.099099
0.196505
0.217148
0.238339
0.977544
0.836272
0.396752
0.014015
0.780991
0.578924
0.178590
0.058639
0.014003
0.442200
0.101642
0.993915
0.747310
0.350475
0.871613
0.798595
0.822793
0.158617
0.864124
0.164360
0.540501
0.955860
0.258983
0.934750
0.768890
0.912583
0.102871
0.867989
0.109088
0.320019
0.106328
0.086632
0.156291
0.503080
0.100647
0.937282
0.082004
0.279237
0.995922
0.096007
0.721437
0.097564
0.089922
0.468747
0.448039
0.961535
0.267343
0.270832
0.120151
0.131466
0.435192
0.660652
0.087327
0.694175
0.595402
0.856217
0.606758
0.698273
0.724206
0.715845
0.018293
0.830535
0.802477
0.174584
0.333615
0.903124
0.111866
0.415619
0.182361
0.107788
0.511625
0.903799
0.205352
0.601547
0.372546
0.653391
0.563082
0.639889
0.924222
0.683233
0.771355
0.359414
0.343885
0.858682
0.053589
0.939288
0.714898
0.660347
0.637561
0.439105
0.376192
0.655853
0.269639
0.178669
0.830437
0.603254
0.081793
0.942303
0.018873
0.264155
0.050091
0.530498
0.167954
0.255442
0.132045
0.540500
0.908833
0.695126
0.180388
0.833055
0.378360
0.951743
0.192470
0.722245
0.810425
0.246059
0.661533
0.525324
0.906405
0.299093
0.964428
0.282597
0.954947
0.234067
0.461266
0.785384
0.837321
0.543060
0.727687
0.856194
0.807215
0.777777
0.386692
0.975168
0.033220
0.518736
0.515668
0.942052
0.213863
0.696057
0.775108
0.592222
0.647800
0.967577
0.314467
0.458225
0.213636
0.976000
0.983549
0.120041
0.275093
0.947977
0.402639
0.230039
0.182044
0.863905
0.015423
0.019366
0.406965
0.743110
0.875560
0.214180
0.520887
0.262251
0.189348
0.554107
0.780987
0.705016
0.496159
0.994850
0.401073
0.271267
0.587072
0.048873
0.238844
0.901539
0.507098
0.452480
0.877539
0.490647
0.572522
0.152632
0.438623
0.975160
0.382671
0.620668
0.839066
0.398094
0.640033
0.246031
0.141204
0.515593
0.460210
0.662091
0.777844
0.649559
0.216197
0.558831
0.354575
0.712356
0.553681
0.755648
0.983623
0.140753
0.804521
0.222467
0.042292
0.311619
0.674947
0.919831
0.802266
0.247469
0.072463
0.240889
0.222629
0.455134
0.861556
0.061695
0.853228
0.501589
0.307725
0.994431
0.017182
0.767935
0.656522
0.795026
0.417494
0.872719
0.353857
0.772069
0.585075
0.907538
0.527717
0.568698
0.048291
0.332238
0.791165
0.090583
0.643857
0.466112
0.010414
0.446123
0.713580
0.082877
0.687012
0.936210
0.538011
0.548568
0.997904
0.391239
0.050158
0.305629
0.385670
0.067340
0.073565
0.042192
0.862366
0.491059
0.914911
0.216222
0.263128
0.499986
0.123760
0.790845
0.068684
0.172051
0.123084
0.859849
0.262634
0.766941
0.325960
0.273048
0.213064
0.039541
0.355925
0.900076
0.975750
0.893935
0.448644
0.973655
0.285174
0.498802
0.279284
0.670844
0.566141
0.352849
0.713036
0.428507
0.843908
0.627947
0.644729
0.107036
0.127933
0.768489
0.897881
0.196617
0.940540
0.020965
0.056465
0.203173
0.787906
0.382426
0.476221
0.000970
0.421967
0.832146
0.901046
0.397717
0.726081
0.349690
0.371372
0.011255
0.848492
0.650656
0.682099
0.414633
0.003504
0.395135
0.843140
0.847412
0.023081
0.487869
0.954448
0.151014
0.256358
0.852329
0.347631
0.196898
0.873295
0.404096
0.400072
0.661201
0.786522
0.876293
0.662171
0.208488
0.708439
0.563218
0.606205
0.434520
0.912908
0.977577
0.445775
0.761400
0.628233
0.127873
0.176033
0.631737
0.523008
0.019173
0.479149
0.546089
0.507042
0.433597
0.697103
0.763401
0.285926
0.044734
0.960299
0.159221
0.448830
0.360370
0.820422
0.235352
0.236663
0.482594
0.443841
0.945102
0.045811
0.050046
0.379621
0.958719
0.027623
0.825396
0.720119
0.655856
0.953269
0.896152
0.287593
0.476277
0.915325
0.766742
0.022366
0.422367
0.200339
0.719469
0.185768
0.486265
0.764203
0.146066
0.645486
0.213034
0.506437
0.465908
0.448386
0.743100
0.948502
0.892227
0.688201
0.994313
0.942273
0.067823
0.953032
0.969896
0.893219
0.673151
0.625752
0.846488
0.569303
0.913345
0.322765
0.484628
0.680087
0.345131
0.906995
0.880425
0.064600
0.092762
0.366691
0.828803
0.238829
0.012177
0.041837
0.745265
0.478085
0.490223
0.488365
0.426587
0.382450
0.176567
0.420900
0.324723
0.244389
0.373932
0.294620
0.137608
0.047083
0.920372
0.984096
0.616386
0.833717
0.306860
0.101014
0.513803
0.651991
0.008009
0.394229
0.716591
0.100771
0.760919
0.545395
0.339600
0.773096
0.587232
0.084865
0.251181
0.077455
0.573230
0.677767
0.459905
0.749797
0.098667
0.784629
0.994187
0.472599
0.079248
0.131795
0.519682
0.999620
0.115890
0.136068
0.833337
0.422751
0.237082
0.347140
0.074742
0.245090
0.741368
0.791333
0.345862
0.502288
0.336727
0.685461
0.275383
0.923959
0.770327
0.526564
0.001414
0.343557
0.204331
0.461320
0.093354
0.302998
0.245948
0.087541
0.775597
0.325196
0.219335
0.295279
0.324816
0.335226
0.431347
0.158153
0.757977
0.668429
0.505293
0.832718
0.913519
0.246661
0.624051
0.259381
0.748949
0.960779
0.944842
0.024332
0.884738
0.715169
0.550896
0.886152
0.058726
0.755227
0.347472
0.152080
0.058226
0.593420
0.239621
0.833823
0.918617
0.458956
0.129102
0.243433
0.794182
0.560449
0.401586
0.552159
0.228878
0.906878
0.384877
0.142397
0.153539
0.008929
0.401778
0.902488
0.969708
0.346620
0.926820
0.854446
0.061789
0.477716
0.740598
0.120515
0.232943
0.088070
0.272595
0.291169
0.681490
0.512216
0.124992
0.600106
0.971172
0.254094
0.843539
0.765354
0.814543
0.245125
0.317513
0.043421
0.152003
0.702391
0.185818
0.305543
0.711319
0.587596
0.208031
0.681027
0.934216
0.134851
0.535473
0.996005
0.612567
0.276070
0.116519
0.845510
0.364140
0.389114
0.136679
0.045630
0.901330
0.261671
0.645737
0.872502
0.515766
0.489276
0.637856
0.330309
0.734401
0.955370
0.373730
0.886404
0.657760
0.559548
0.191947
0.369080
0.147144
0.399977
0.050107
0.081360
0.534828
0.585580
0.077364
0.147395
0.861650
0.193884
0.992905
0.225790
0.582997
0.129584
0.271421
0.484327
0.391256
0.917157
0.356829
0.907021
0.406433
0.994685
0.237330
0.140834
0.950055
0.611060
0.027238
0.607816
0.170608
0.219185
0.976896
0.317752
0.619163
0.027002
0.399112
0.153991
0.612582
0.476476
0.301385
0.474232
0.670359
0.294290
0.700023
0.253357
0.423874
0.971443
0.737684
0.815130
0.888601
0.094513
0.722151
0.295034
0.089199
0.959481
0.435868
0.039254
0.570541
0.463107
0.647069
0.741149
0.682292
0.623965
0.058901
0.301455
0.650967
0.458012
0.455445
0.263549
0.934488
0.756831
0.737782
0.604848
0.051121
0.437804
0.858205
0.474996
0.409247
0.595889
0.290126
0.297848
0.690402
0.012277
0.592882
0.779601
0.971758
0.028750
0.818855
0.542299
0.491857
0.465924
0.283448
0.174149
0.089889
0.342348
0.475603
0.740856
0.800361
0.931049
0.004406
0.734849
0.687879
0.742187
0.339697
0.739001
0.179991
0.197902
0.213996
0.589239
0.793791
0.504122
0.887086
0.484193
0.516399
0.479968
0.263794
0.488157
0.508718
0.082648
0.030456
0.000575
0.548572
0.313903
0.174724
0.638461
0.656252
0.650327
0.379317
0.456612
0.581375
0.383723
0.191461
0.269255
0.125910
0.531158
0.008255
0.305901
0.729060
0.222252
0.895140
0.522850
0.726374
0.782226
0.007043
0.242773
0.262194
0.270837
0.730930
0.770912
0.353485
0.761385
0.771487
0.902057
0.075288
0.946211
0.540518
0.731540
0.596538
0.919835
0.188152
0.177913
0.303558
0.379613
0.447168
0.429467
0.910772
0.455423
0.735368
0.639831
0.677675
0.630508
0.162682
0.404049
0.412734
0.169725
0.646822
0.674928
0.440562
0.377751
0.445840
0.794046
0.139137
0.217328
0.696103
0.214425
0.163539
0.236621
0.945965
0.760076
0.156456
0.134117
0.937989
0.460014
0.513731
0.385157
0.889481
0.424502
0.840580
0.624849
0.064334
0.518255
0.255357
0.227016
0.922304
0.668091
0.396740
0.569126
0.343019
0.837302
0.946877
0.788860
0.631348
0.086014
0.006188
0.327452
0.300439
0.169726
0.564073
0.246404
0.929802
0.720529
0.380521
0.867791
0.180543
0.894252
0.252948
0.070024
0.318755
0.093528
0.694873
0.383088
0.611783
0.950230
0.610104
0.534087
0.618322
0.006844
0.103213
0.961341
0.844147
0.050090
0.750201
0.475495
0.136104
0.756388
0.802947
0.436543
0.926115
0.367019
0.682947
0.855917
0.087548
0.063469
0.723708
0.268091
0.957721
0.976656
0.338114
0.276475
0.070184
0.032987
0.659564
0.681966
0.983218
0.269668
0.216053
0.601539
0.276512
0.319266
0.562880
0.120659
0.369356
0.313081
0.596153
0.505459
0.069469
0.399100
0.942002
0.995584
0.766120
0.624949
0.851501
0.853668
0.688418
0.575209
0.121759
0.646139
0.551865
0.459873
0.922614
0.622049
0.492861
0.582177
0.304015
0.476078
0.851845
0.520068
0.077618
0.128357
0.839334
0.640498
0.249016
0.208689
0.953579
0.845169
0.714149
0.023048
0.244269
0.656151
0.018632
0.010389
0.281100
0.870133
0.864057
0.969518
0.445342
0.985816
0.615657
0.997207
0.445689
0.538271
0.619255
0.938550
0.120448
0.923270
0.414628
0.972293
0.443338
0.492246
0.100650
0.282672
0.132744
0.349666
0.491362
0.086322
0.194835
0.205511
0.109371
0.439104
0.861662
0.128003
0.449493
0.142762
0.998136
0.313549
0.112280
0.443478
0.299365
0.727937
0.440685
0.745054
0.266208
0.059940
0.683603
0.386656
0.983210
0.098232
0.358949
0.426549
0.590477
0.459599
0.709221
0.723221
0.809264
0.200583
0.809543
0.004099
0.406094
0.918914
0.443203
0.267755
0.046917
0.892696
0.410517
0.045053
0.206245
0.522798
0.488531
0.505610
0.250735
0.929216
0.250664
0.516943
0.989156
0.934267
0.903598
0.972366
0.032499
0.262547
0.398915
0.622976
0.722146
0.108136
0.346197
0.531410
0.308719
0.155741
0.535509
0.714813
0.074655
0.978712
0.982568
0.121572
0.871408
0.393086
0.166625
0.077653
0.915884
0.655157
0.583263
0.166618
0.584373
0.833927
0.683561
0.573529
0.768194
0.587159
0.545895
0.800693
0.849706
0.944810
0.423669
0.571852
0.052947
0.769866
0.103262
0.361666
0.925606
0.638771
0.076479
0.000261
0.617483
0.059047
0.121833
0.488891
0.452133
0.288459
0.566544
0.368016
0.943615
0.149807
0.534635
0.527988
0.983733
0.218196
0.101517
0.751927
0.805355
0.647413
0.552620
0.655062
0.592223
0.976289
0.226913
0.645170
0.746154
0.330175
0.006836
0.671761
0.968946
0.083314
0.672022
0.586429
0.142361
0.793855
0.075320
0.594494
0.082314
0.641864
0.962511
0.025929
0.791670
0.497146
0.553918
0.775404
0.715342
0.655435
0.527331
0.520697
0.302848
0.079951
0.175759
0.895071
0.056240
0.402672
0.540240
0.802394
0.732848
0.547076
0.474155
0.701794
0.630390
0.146177
0.288223
0.772752
0.940032
0.363543
0.367246
0.022346
0.005407
0.329757
0.048276
0.797077
0.826903
0.602193
0.572481
0.542244
0.257628
0.099812
0.062942
0.560476
0.179763
0.238700
0.455547
0.236003
0.641373
0.995787
0.038397
0.374220
0.542863
0.512551
0.076014
0.173253
0.658728
0.364237
0.946005
0.598761
0.727780
0.313251
0.621107
0.733187
0.643008
0.669383
0.530264
0.469910
0.271576
0.102745
0.012154
0.529205
0.202557
0.075096
0.089681
0.382320
0.313796
0.545227
0.618323
0.955169
0.541014
0.656719
0.329389
0.083877
0.169271
0.405403
0.257131
0.827999
0.769640
0.203136
0.426760
0.497420
0.516386
0.047867
0.230607
0.159394
0.717250
0.760871
0.629304
0.988826
0.863617
0.641458
0.518030
0.066174
0.716554
0.607711
0.448494
0.030351
0.152939
0.066817
0.985519
0.693953
0.723536
0.314909
0.777830
0.892807
0.720312
0.034961
0.720806
0.489952
0.238097
0.147566
0.987372
0.754483
0.195433
0.217979
0.913877
0.912683
0.978851
0.543181
0.901508
0.842467
0.184639
0.419539
0.908641
0.901194
0.027250
0.357135
0.931544
0.180189
0.423952
0.917064
0.874142
0.147488
0.231972
0.651972
0.040295
0.952284
0.686933
0.761101
0.442236
0.925030
0.908667
0.429608
0.679513
0.104100
0.647587
0.593390
0.016782
0.626438
0.136571
0.918291
0.468905
0.321210
0.337829
0.377546
0.222404
0.365079
0.734681
0.153949
0.545268
0.158633
0.071012
0.419409
0.306121
0.302985
0.071382
0.346416
0.255269
0.758315
0.107516
0.697505
0.683345
0.016183
0.127113
0.362857
0.120283
0.774700
0.956247
0.137065
0.401138
0.092818
0.055355
0.870043
0.414028
0.393185
0.247589
0.636433
0.758264
0.982270
0.790381
0.303532
0.140903
0.861393
0.722942
0.447023
0.164378
0.794323
0.793439
0.419647
0.552638
0.900955
0.117152
0.235982
0.917139
0.244265
0.598840
0.037421
0.018964
0.555087
0.174486
0.420102
0.647905
0.229842
0.290145
0.061934
0.623027
0.537733
0.698367
0.381291
0.520003
0.488748
0.684823
0.660906
0.350141
0.407765
0.107929
0.514519
0.202088
0.901368
0.934166
0.754726
0.802324
0.051318
0.990708
0.719462
0.295583
0.589548
0.756884
0.314547
0.144635
0.931370
0.734649
0.792541
0.161212
0.024794
0.854475
0.784238
0.562527
0.552841
0.165529
0.082530
0.041589
0.850352
0.743436
0.391730
0.258116
0.851365
0.906249
0.460204
0.752733
0.840416
0.214930
0.555056
0.891734
0.205638
0.274518
0.187317
0.795186
0.031402
0.501864
0.939821
0.962772
0.236514
0.732362
0.123983
0.261308
0.586837
0.908222
0.823835
0.139678
0.073750
0.906365
0.181267
0.924102
0.649801
0.572997
0.182218
0.501166
0.479246
0.642422
0.253898
0.319662
0.857352
0.808955
0.211396
0.062989
0.083473
0.398713
0.858175
0.114875
0.900577
0.797996
0.077647
0.137091
0.530358
0.201630
0.398399
0.117194
0.109852
0.222234
0.256872
0.183602
0.128599
0.438139
0.107704
0.778400
0.011136
0.289923
0.279566
0.490381
0.932345
0.533464
0.810043
0.789697
0.342419
0.021439
0.852686
0.425892
0.420151
0.710862
0.540767
0.320728
0.508858
0.618414
0.457819
0.039215
0.820044
0.856218
0.156410
0.929896
0.078452
0.413282
0.113498
0.207052
0.851421
0.221203
0.985452
0.862557
0.511126
0.265018
0.352938
0.443471
0.798482
0.162981
0.233168
0.140901
0.184420
0.085854
0.566792
0.604571
0.796716
0.107559
0.925299
0.305573
0.725973
0.383119
0.344789
0.546017
0.239337
0.501199
0.475913
0.317789
0.914481
0.589411
0.524841
0.765902
0.810614
0.510293
0.628459
0.321740
0.775311
0.981398
0.765211
0.573793
0.144379
0.998378
0.714694
0.328799
0.084232
0.281486
0.933370
0.880948
0.389045
0.858669
0.186521
0.115018
0.241788
0.531310
0.661035
0.481125
0.032508
0.136949
0.798915
0.946989
0.726360
0.323756
0.712892
0.536974
0.834049
0.341351
0.858714
0.609360
0.322748
0.623925
0.183154
0.467127
0.622303
0.897848
0.795926
0.706535
0.179334
0.729296
0.587483
0.568379
0.587965
0.774004
0.683398
0.829753
0.305314
0.344433
0.310878
0.337822
0.481382
0.109792
0.284811
0.207742
0.433548
0.997703
0.744716
0.267597
0.339054
0.603431
0.876958
0.661802
0.227355
0.060111
0.128929
0.849658
0.957959
0.924855
0.556193
0.137293
0.654151
0.143676
0.705672
0.242116
0.917680
0.389070
0.071869
0.222994
0.733503
0.382746
0.560816
0.214885
0.492539
0.845627
0.422627
0.926087
0.843331
0.167343
0.193684
0.182384
0.770774
0.070642
0.844186
0.998129
0.130753
0.973116
0.847788
0.088711
0.897971
0.403981
0.226004
0.552122
0.547657
0.931676
0.794238
0.465337
0.320746
0.866106
0.688331
0.054249
0.248853
0.249147
0.269133
0.741391
0.094775
0.691760
0.667478
0.938105
0.859104
0.861162
0.120490
0.629878
0.931804
0.964676
0.628007
0.062556
0.937792
0.475795
0.151268
0.835763
0.879776
0.377272
0.387885
0.427433
0.308948
0.182122
0.892770
0.629693
0.048229
0.581102
0.683942
0.297081
0.830249
0.953075
0.038472
0.925024
0.644836
0.705951
0.863130
0.503939
0.567113
0.983619
0.133817
0.498917
0.948296
0.761824
0.561473
0.886087
0.237619
0.712741
0.721850
0.117395
0.090012
0.109735
0.544827
0.398960
0.291857
0.437598
0.028653
0.340086
0.018699
0.712595
0.637167
0.848948
0.665670
0.675639
0.773973
0.310506
0.381590
0.637102
0.814445
0.948703
0.620721
0.948262
0.447619
0.569017
0.710086
0.009092
0.455104
0.947705
0.721833
0.176955
0.065100
0.811845
0.286690
0.609927
0.210805
0.578547
0.047525
0.239458
0.918633
0.066224
0.952053
0.555800
0.915172
0.617723
0.231440
0.689145
0.928229
0.613030
0.326247
0.742674
0.561733
0.946968
0.690936
0.009352
0.515985
0.401022
0.018444
0.971090
0.348727
0.740277
0.148044
0.413827
0.552123
0.434734
0.023754
0.762928
0.013281
0.071279
0.002386
0.931914
0.137502
0.954439
0.487714
0.052675
0.572163
0.719154
0.741819
0.500391
0.332184
0.068066
0.243065
0.893916
0.015035
0.934001
0.903268
0.531020
0.335022
0.921712
0.502109
0.683750
0.661990
0.650154
0.097577
0.214112
0.084888
0.121331
0.977040
0.098169
0.192609
0.979426
0.030084
0.330112
0.933866
0.517798
0.382786
0.506028
0.236952
0.124606
0.006420
0.569136
0.192672
0.249485
0.463052
0.207707
0.183485
0.366320
0.738726
0.518508
0.288033
0.240836
0.202257
0.950022
0.890990
0.299834
0.164134
0.975877
0.421164
0.141174
0.074047
0.613773
0.120600
0.104130
0.943885
0.054466
0.621928
0.326671
0.560495
0.858880
0.451277
0.566914
0.428016
0.643949
0.816399
0.891068
0.851655
0.999884
0.257389
0.590382
0.518392
0.545421
0.831217
0.720649
0.495443
0.722207
0.020483
0.659578
0.698084
0.441647
0.800752
0.772131
0.055420
0.921352
0.876261
0.999305
0.975819
0.498190
0.325977
0.536313
0.357070
0.777253
0.103228
0.785086
0.421202
0.919626
0.676155
0.272858
0.919511
0.933543
0.863239
0.437902
0.478965
0.694457
0.158551
0.974408
0.416664
0.179034
0.633986
0.114748
0.620681
0.434737
0.886879
0.676101
0.356090
0.763140
0.675407
0.331908
0.261330
0.001383
0.868222
0.618400
0.778637
0.971449
0.403486
0.199839
0.891076
0.079641
0.472697
0.810586
0.013185
0.335936
0.248488
0.492149
0.030393
0.407040
0.466557
0.447056
0.586074
0.100543
0.561805
0.206755
0.535280
0.448684
0.882856
0.891370
0.211824
0.558263
0.223278
0.473154
0.559646
0.091500
0.091554
0.338283
0.062949
0.495041
0.538122
0.954025
0.574682
0.010819
0.764611
0.587866
0.346755
0.013099
0.080015
0.377148
0.420139
0.546572
0.824204
0.006212
0.647115
0.386009
0.212967
0.182395
0.834693
0.095823
0.073765
0.046517
0.654086
0.297043
0.519671
0.213732
0.388543
0.611225
0.552015
0.451492
0.106265
0.090137
0.405517
0.680947
0.100956
0.170128
0.268813
0.447711
0.183227
0.348829
0.824859
0.603366
0.895401
0.649064
0.609578
0.542516
0.035073
0.822545
0.724912
0.869765
0.918368
0.798677
0.916282
0.572453
0.095720
0.435953
0.786185
0.484263
0.047177
0.338200
0.935756
0.153442
0.428337
0.341272
0.834389
0.529294
0.511400
0.103203
0.977005
0.694627
0.452031
0.801864
0.297993
0.347432
0.450928
0.907571
0.889949
0.486001
0.730115
0.614860
0.355767
0.648483
0.413537
0.272049
0.220936
0.509257
0.708001
0.007121
0.993520
0.755178
0.345321
0.929276
0.908621
0.773659
0.270548
0.743010
0.302952
0.781948
0.846213
0.279957
0.476575
0.298244
0.081821
0.774568
0.645677
0.532750
0.682138
0.535626
0.018751
0.412254
0.150486
0.374518
0.060737
0.564023
0.646566
0.281673
0.073280
0.354568
0.288794
0.066800
0.109746
0.634116
0.996076
0.018367
0.407774
0.266624
0.761377
0.710726
0.048573
0.607590
0.990683
0.525148
0.905835
0.072505
0.299716
0.551512
0.605254
0.981854
0.087137
0.624005
0.394108
0.237623
0.998523
0.454845
0.801646
0.645089
0.736518
0.874925
0.999657
0.025312
0.941725
0.109403
0.659428
0.937801
0.127770
0.067202
0.204425
0.889147
0.777928
0.252997
0.496737
0.768611
0.778145
0.402572
0.841116
0.077861
0.954084
0.446370
0.059715
0.041221
0.070376
0.453824
0.278844
0.068899
0.908668
0.080490
0.713988
0.645186
0.955415
0.713645
0.670499
0.897140
0.823047
0.329927
0.834941
0.950817
0.397129
0.039366
0.839964
0.175057
0.292363
0.336701
0.943668
0.070509
0.739273
0.784784
0.148370
0.693357
0.231155
0.208086
0.734578
0.301530
0.661909
0.013423
0.370429
0.570577
0.093913
0.084417
0.215764
0.049328
0.798061
0.886262
0.946469
0.621108
0.216189
0.781410
0.571925
0.613318
0.820776
0.411889
0.788375
0.113139
0.748590
0.732043
0.183648
0.487863
0.516828
0.332018
0.181220
0.747983
0.540104
0.915798
0.049513
0.202013
0.929221
0.419942
0.772590
0.023134
0.504359
0.988354
0.072463
0.302420
0.874617
0.018931
0.923529
0.090806
0.800341
0.495454
0.704123
0.621117
0.907343
0.492498
0.734257
0.655932
0.224541
0.917905
0.143795
0.741369
0.249923
0.325015
0.489351
0.790027
0.240813
0.538864
0.992040
0.170035
0.958806
0.764631
0.193169
0.463165
0.752985
0.265632
0.765585
0.627602
0.284563
0.689114
0.718407
0.084904
0.184567
0.422531
0.706021
0.091910
0.915028
0.440278
0.747843
0.139570
0.358183
0.891638
0.880939
0.608107
0.216653
0.370290
0.398134
0.457467
0.909154
0.390174
0.627501
0.867961
0.154805
0.820670
0.331126
0.907790
0.086302
0.096711
0.535392
0.370865
0.785825
0.253799
0.455769
0.970392
0.676330
0.161790
0.062302
0.591358
0.602069
0.810145
0.730928
0.960252
0.701783
0.611867
0.568358
0.918436
0.982157
0.966492
0.375902
0.891311
0.356666
0.003404
0.759272
0.511472
0.824074
0.090397
0.419262
0.910376
0.187108
0.954654
0.281240
0.972933
0.208454
0.737009
0.943325
0.884784
0.898800
0.005627
0.476142
0.500868
0.815772
0.207070
0.461120
0.517555
0.818937
0.029478
0.435991
0.801094
0.995970
0.811893
0.692405
0.352637
0.815297
0.451676
0.864108
0.639371
0.542074
0.283371
0.549746
0.729182
0.238025
0.830987
0.702115
0.446479
0.567996
0.645441
0.331262
0.466796
0.651068
0.807405
0.967664
0.466840
0.014475
0.428784
0.984395
0.833412
0.458262
0.420386
0.634506
0.454232
0.232279
0.326911
0.806869
0.047576
0.778587
0.670977
0.686947
0.320661
0.954348
0.236693
0.049843
0.192373
0.067679
0.751959
0.638851
0.635675
0.397399
0.970114
0.102471
0.048467
0.777519
0.070135
0.515307
0.791994
0.498919
0.499702
0.625406
0.957181
0.920088
0.259912
0.411413
0.152367
0.586823
0.218282
0.199943
0.365410
0.889259
0.886890
0.686071
0.843607
0.123583
0.735915
0.035980
0.191262
0.487873
0.674831
0.826937
0.885273
0.644945
0.929408
0.933740
0.422464
0.999543
0.449047
0.214457
0.498462
0.948750
0.839863
0.455643
0.868838
0.099775
0.867056
0.021206
0.686598
0.085338
0.221149
0.052008
0.974597
0.108039
0.738079
0.818204
0.231622
0.473994
0.854183
0.422884
0.961867
0.529014
0.249821
0.847140
0.173960
0.179230
0.780880
0.596423
0.178773
0.229927
0.810881
0.677235
0.178677
0.650744
0.132878
0.047515
0.750520
0.999934
0.068720
0.437118
0.085271
0.289869
0.489126
0.059868
0.397908
0.227205
0.878071
0.629530
0.701199
0.732255
0.052413
0.663066
0.261269
0.302234
0.510206
0.435229
0.481464
0.291086
0.031652
0.660237
0.521013
0.842533
0.337472
0.699689
0.493277
0.470350
0.747204
0.243796
0.470283
0.815924
0.680914
0.555554
0.105794
0.170040
0.615422
0.503702
0.397246
0.493493
0.133231
0.098445
0.225748
0.185644
0.761511
0.487017
0.487879
0.271718
0.922246
0.969343
0.562804
0.953898
0.629580
0.083816
0.796431
0.967052
0.783506
0.289707
0.437401
0.530710
0.533504
0.907685
0.346634
0.214418
0.463239
0.452428
0.384458
0.078661
0.956129
0.781704
0.572154
0.089361
0.880149
0.797903
0.275005
0.641661
0.284920
0.762884
0.913378
0.207166
0.732227
0.476182
0.161064
0.361806
0.559998
0.957495
0.328858
0.343504
0.247202
0.766260
0.874214
0.780706
0.673944
0.220848
0.995124
0.137183
0.673276
0.379582
0.215844
0.629405
0.161286
0.787999
0.718766
0.041435
0.585901
0.993771
0.683096
0.870821
0.756654
0.596474
0.077987
0.488881
0.072656
0.239051
0.850687
0.632654
0.196546
0.179545
0.976158
0.443748
0.945805
0.850372
0.224454
0.619749
0.071220
0.219577
0.756933
0.744495
0.599159
0.972777
0.373901
0.760445
0.760776
0.092666
0.801880
0.346677
0.086437
0.484976
0.217498
0.843091
0.081451
0.295486
0.331972
0.154107
0.534537
0.182660
0.786761
0.731083
0.362205
0.762919
0.174831
0.308010
0.613291
0.399284
0.927759
0.684510
0.618862
0.684692
0.429006
0.218021
0.657469
0.802906
0.978466
0.418244
0.895572
0.780346
0.764921
0.982009
0.265323
0.982419
0.825100
0.346773
0.277905
0.157073
0.500880
0.812442
0.339732
0.287641
0.543525
0.701937
0.050560
0.718356
0.009948
0.663850
0.117640
0.937707
0.348360
0.736502
0.622399
0.777366
0.954522
0.279867
0.580272
0.932988
0.698112
0.475845
0.713335
0.463033
0.457854
0.978657
0.445452
0.282954
0.325431
0.723357
0.440027
0.826310
0.535799
0.779759
0.113951
0.079324
0.481697
0.164511
0.797679
0.491644
0.828361
0.915319
0.429351
0.176721
0.651821
0.051750
0.954087
0.606343
0.331617
0.534359
0.539331
0.029729
0.010204
0.252666
0.492762
0.468058
0.231323
0.938214
0.751012
0.556754
0.661571
0.191039
0.383064
0.197371
0.970798
0.497015
0.276694
0.452495
0.661526
0.074374
0.944140
0.489887
0.989693
0.373491
0.666608
0.641514
0.425241
0.620695
0.247857
0.756858
0.155054
0.787189
0.786587
0.165258
0.039855
0.279349
0.633316
0.271178
0.217563
0.384328
0.827932
0.879135
0.575367
0.210996
0.076505
0.546166
0.708011
0.353200
0.998661
0.369537
0.427574
0.942800
0.859424
0.417267
0.316291
0.526032
0.058781
0.741532
0.146727
0.306638
0.498390
0.301782
0.093827
0.284977
0.467040
0.133681
0.564326
0.100356
0.404859
0.781889
0.484684
0.232791
0.661024
0.060051
0.443786
0.737530
0.606217
0.151798
0.090729
0.604878
0.521335
0.518303
0.547678
0.380759
0.935570
0.863969
0.906791
0.994350
0.605501
0.053519
0.300988
0.103891
0.355300
0.394815
0.388868
0.822341
0.528496
0.953194
0.922697
0.933355
0.735084
0.407381
0.166145
0.396108
0.467433
0.609932
0.133637
0.073650
0.761730
0.224367
0.678528
0.283065
0.742670
0.226206
0.663824
0.678239
0.090175
0.570615
0.672589
0.695677
0.624134
0.973578
0.799568
0.979434
0.368392
0.188436
0.801775
0.896888
0.141631
0.724472
0.830243
0.876714
0.131853
0.996388
0.272822
0.599286
0.606320
0.406459
0.672935
0.368050
0.630826
0.351463
0.651115
0.373496
0.577668
0.314939
0.051735
0.667844
0.885554
0.724324
0.363520
0.509688
0.697902
0.163088
0.489122
0.066294
0.351525
0.290897
0.963182
0.493155
0.015369
0.793425
0.369869
0.147222
0.789814
0.642691
0.746508
0.396134
0.049151
0.419443
0.764184
0.679977
0.770905
0.415299
0.053472
0.348574
0.730237
0.105207
0.016418
0.615791
0.829531
0.379938
0.125479
0.527433
0.543027
0.614601
0.593727
0.894551
0.905499
0.556909
0.387706
0.920868
0.350334
0.757576
0.068090
0.140148
0.400267
0.814597
0.536282
0.449418
0.234040
0.300466
0.129395
0.004945
0.715765
0.182867
0.353519
0.446003
0.288074
0.369937
0.061794
0.117606
0.749875
0.187273
0.645038
0.292901
0.801875
0.238765
0.187453
0.707373
0.795675
0.575159
0.628241
0.146009
0.332735
0.696331
0.286157
0.733002
0.510928
0.822440
0.182420
0.744968
0.122906
0.311815
0.749914
0.838671
0.494682
0.103433
0.284674
0.782756
0.473370
0.346468
0.900362
0.223245
0.533741
0.545400
0.516146
0.335616
0.784166
0.703599
0.042989
0.579840
0.278758
0.671230
0.725849
0.611492
0.367561
0.012006
0.344494
0.878489
0.834446
0.526914
0.623457
0.957352
0.838729
0.373371
0.796023
0.333411
0.476804
0.080697
0.116167
0.950174
0.427165
0.016529
0.173418
0.960906
0.561929
0.689564
0.296522
0.346095
0.393163
0.339510
0.925935
0.671921
0.010740
0.651784
0.283413
0.378301
0.663790
0.627908
0.256789
0.498236
0.154822
0.880246
0.455588
0.993551
0.253617
0.251611
0.326961
0.730421
0.332308
0.443128
0.680594
0.759473
0.459657
0.854013
0.720379
0.021586
0.543577
0.016901
0.367681
0.936740
0.356411
0.293616
0.608661
0.367151
0.945400
0.892075
0.745452
0.609190
0.519982
0.002241
0.107427
0.674804
0.882487
0.563015
0.668355
0.136104
0.814626
0.995316
0.866525
0.146935
0.438445
0.547119
0.906408
0.898102
0.401132
0.626787
0.919688
0.944709
0.643688
0.287369
0.881449
0.000100
0.580985
0.490110
0.367251
0.526385
0.382185
0.112703
0.135575
0.902167
0.114944
0.243001
0.576972
0.997431
0.806016
0.245327
0.133535
0.620642
0.240643
0.000061
0.767577
0.679088
0.547180
0.673985
0.577190
0.948312
0.300772
0.496878
0.893021
0.944461
0.784247
0.774470
0.944560
0.365232
0.264580
0.311811
0.891616
0.646765
0.424514
0.027191
0.548932
0.539458
0.270192
0.125904
0.536889
0.076209
0.371230
0.670424
0.696851
0.611873
0.670485
0.464428
0.290961
0.217665
0.138413
0.868151
0.165977
0.439185
0.365029
0.058998
0.383646
0.149276
0.833468
0.328206
0.514507
0.098048
0.640017
0.406124
0.744813
0.064531
0.433315
0.293745
0.603988
0.703507
0.419649
0.140877
0.779716
0.790879
0.811301
0.476567
0.402752
0.481786
0.940995
0.693713
0.699450
0.079407
0.561865
0.865427
0.518592
0.926893
0.924424
0.902238
0.076169
0.757892
0.230443
0.590677
0.855940
0.870460
0.996800
0.600752
0.934991
0.430115
0.894497
0.538980
0.133622
0.314146
0.679856
0.913338
0.105025
0.491157
0.389905
0.507777
0.972943
0.330899
0.201490
0.672393
0.410307
0.763355
0.537820
0.928899
0.690248
0.462245
0.831136
0.766418
0.220137
0.061580
0.357094
0.076076
0.932040
0.353894
0.676829
0.867031
0.784009
0.571326
0.406011
0.917632
0.885472
0.085868
0.830969
0.990496
0.577025
0.220874
0.498273
0.549968
0.551774
0.699764
0.222361
0.962080
0.463118
0.760181
0.890979
0.153367
0.222426
0.722115
0.919784
0.442562
0.783695
0.276878
0.518639
0.715736
0.630773
0.195468
0.582767
0.414782
0.766794
0.988778
0.332414
0.652266
0.074646
0.163383
0.642762
0.651671
0.384257
0.141035
0.201639
0.936031
0.840799
0.424000
0.898111
0.303917
0.184181
0.789090
0.457284
0.406607
0.511206
0.377068
0.849169
0.294901
0.653946
0.367808
0.010637
0.284719
0.563276
0.593404
0.699501
0.330070
0.582182
0.031915
0.982335
0.656828
0.195298
0.625097
0.308499
0.579555
0.766132
0.510137
0.515586
0.606931
0.934137
0.413697
0.910848
0.118318
0.202787
0.368132
0.524925
0.713992
0.745200
0.374094
0.008893
0.399146
0.741903
0.019530
0.683864
0.305179
0.612934
0.383365
0.635248
0.195116
0.415280
0.617584
0.851944
0.610578
0.242681
0.160442
0.190133
0.008814
0.670579
0.705718
0.615745
0.604716
0.119415
0.526593
0.723034
0.322202
0.894725
0.247959
0.036195
0.639924
0.622054
0.045088
0.039070
0.363956
0.064618
0.722934
0.669135
0.677552
0.106300
0.304384
0.872667
0.521580
0.921967
0.724611
0.132157
0.164649
0.885053
0.322290
0.173462
0.555633
0.028008
0.789207
0.160349
0.147424
0.315800
0.883383
0.469626
0.210524
0.131343
0.505821
0.850448
0.753396
0.550909
0.889518
0.117353
0.615526
0.612452
0.786488
0.293078
0.718752
0.090871
0.165746
0.240331
0.012839
0.890357
0.372488
0.177487
0.775410
0.694778
0.350949
0.331042
0.722787
0.140156
0.491391
0.870210
0.455956
0.374774
0.339836
0.666480
0.506117
0.845657
0.516929
0.259513
0.396565
0.406447
0.376866
0.012092
0.018899
0.163354
0.305170
0.737651
0.254225
0.470915
0.977982
0.267063
0.361272
0.350471
0.444551
0.136682
0.045249
0.795500
0.467725
0.768035
0.935656
0.959116
0.638246
0.391613
0.333890
0.978082
0.058093
0.840007
0.823738
0.575022
0.099521
0.220303
0.981468
0.476386
0.232395
0.000368
0.639740
0.537565
0.738018
0.893965
0.008480
0.716001
0.161028
0.369752
0.066471
0.605579
0.506434
0.111720
0.401079
0.974159
0.879755
0.336735
0.933275
0.518001
0.728348
0.267165
0.496083
0.786441
0.107173
0.319821
0.361462
0.206693
0.540124
0.342931
0.683080
0.772519
0.343299
0.322820
0.310084
0.081317
0.216784
0.318564
0.797318
0.377812
0.688316
0.863789
0.983391
0.194750
0.975509
0.384470
0.168909
0.855264
0.721206
0.102184
0.373265
0.449554
0.369349
0.869347
0.235994
0.476522
0.189168
0.597457
0.683215
0.729292
0.940388
0.366294
0.501812
0.283686
0.689114
0.811895
0.365003
0.905898
0.130459
0.162321
0.283711
0.818775
0.026109
0.267102
0.013526
0.001618
0.651572
0.182435
0.856882
0.372778
0.284619
0.230147
0.822332
0.653968
0.099494
0.058326
0.130490
0.288663
0.655783
0.813704
0.017955
0.596171
0.179999
0.519767
0.879857
0.869113
0.331662
0.244860
0.775011
0.462121
0.407181
0.058722
0.280897
0.433291
0.325824
0.294423
0.434909
0.977396
0.476858
0.291791
0.350174
0.761477
0.521938
0.172506
0.415445
0.621432
0.230832
0.545935
0.910095
0.886615
0.359639
0.928050
0.482785
0.539638
0.447817
0.362643
0.408751
0.779479
0.607503
0.183761
0.241600
0.014684
0.242483
0.522497
0.447975
0.568307
0.816920
0.882883
0.545703
0.293778
0.174674
0.895878
0.055255
0.696612
0.068384
0.470699
0.318045
0.299215
0.016634
0.228140
0.185830
0.376273
0.156190
0.668616
0.915911
0.604006
0.031258
0.324662
0.383485
0.638761
0.508423
0.625085
0.653445
0.750906
0.147582
0.101420
0.319213
0.964502
0.984303
0.864917
0.258280
0.158977
0.760794
0.313534
0.855590
0.829178
0.784234
0.173634
0.128393
0.800868
0.401774
0.314224
0.177141
0.557963
0.982839
0.093052
0.161970
0.014097
0.417714
0.545455
0.652858
0.926136
0.170540
0.306303
0.677043
0.318122
0.407723
0.996256
0.282624
0.392026
0.861173
0.540904
0.551003
0.621967
0.854438
0.406593
0.451145
0.638672
0.580227
0.579539
0.439539
0.982001
0.893762
0.616680
0.539965
0.876601
0.709732
0.701934
0.890699
0.127446
0.247389
0.543557
0.053582
0.417929
0.849860
0.730625
0.736051
0.257583
0.726881
0.018675
0.649609
0.588054
0.559579
0.200612
0.210022
0.414017
0.607206
0.661167
0.052688
0.187433
0.240705
0.492228
0.169434
0.134468
0.108908
0.709399
0.011069
0.818641
0.411333
0.901767
0.946087
0.658722
0.445324
0.999669
0.076651
0.295184
0.730294
0.812703
0.552767
0.457175
0.831378
0.202376
0.045230
0.390957
0.402989
0.255251
0.804973
0.010194
0.916418
0.857662
0.197627
0.157123
0.349890
0.367061
0.291591
0.458798
0.076460
0.302660
0.277439
0.487794
0.204427
0.223525
0.146516
0.649752
0.223194
0.223167
0.944936
0.953488
0.035870
0.497703
0.410664
0.867247
0.700080
0.455893
0.258204
0.103068
0.711144
0.063178
0.113263
0.627562
0.920839
0.310890
0.784686
0.270729
0.677951
0.076277
0.729527
0.754412
0.378937
0.006965
0.242205
0.583364
0.230490
0.388721
0.233116
0.453685
0.611888
0.178052
0.407173
0.647758
0.675756
0.817836
0.515006
0.375835
0.273730
0.773210
0.478903
0.984874
0.836387
0.592166
0.612436
0.757227
0.903056
0.397122
0.027956
0.581007
0.473399
0.757482
0.335419
0.852336
0.764448
0.577624
0.435700
0.994938
0.966345
0.668816
0.448623
0.578233
0.846869
0.855795
0.225991
0.522624
0.673632
0.740997
0.898459
0.947361
0.514207
0.377363
0.932235
0.350594
0.969529
0.544671
0.107820
0.872584
0.941793
0.135776
0.453591
0.415192
0.893258
0.789010
0.267528
0.657706
0.366634
0.703228
0.652644
0.332979
0.372045
0.101267
0.911212
0.218913
0.957062
0.137203
0.741537
0.630694
0.878200
0.639997
0.578055
0.392407
0.017360
0.510290
0.743000
0.986888
0.054962
0.850821
0.859473
0.996755
0.986597
0.313064
0.411947
0.879855
0.102074
0.679476
0.537561
0.468708
0.382704
0.190205
0.801687
0.754749
0.291472
0.712899
0.973662
0.248534
0.850102
0.715199
0.879228
0.728302
0.355196
0.457284
0.120708
0.372556
0.967574
0.863709
0.359444
0.022536
0.714530
0.218916
0.019291
0.701126
0.531981
0.431239
0.580981
0.634055
0.110714
0.118542
0.102763
0.493418
0.308748
0.904450
0.248167
0.600220
0.617349
0.221829
0.848754
0.467450
0.937028
0.727982
0.195752
0.292224
0.185266
0.316461
0.664780
0.152840
0.180169
0.024224
0.175376
0.894699
0.243140
0.194667
0.595825
0.775121
0.625906
0.176807
0.409176
0.736620
0.295349
0.511938
0.230038
0.604097
0.416388
0.478205
0.204316
0.033737
0.700033
0.053070
0.501187
0.637061
0.781053
0.696939
0.929285
0.966319
0.013400
0.594065
0.119159
0.193569
0.618289
0.294535
0.088268
0.861429
0.489202
0.684094
0.636550
0.115108
0.860900
0.045725
0.851728
0.156250
0.557664
0.081766
0.760346
0.974052
0.559971
0.964663
0.007789
0.260004
0.017733
0.508976
0.897065
0.798786
0.205915
0.826350
0.765105
0.219315
0.420415
0.884264
0.412884
0.038704
0.178799
0.501152
0.900133
0.668001
0.185246
0.536683
0.783110
0.046146
0.582408
0.634837
0.202396
0.140071
0.716603
0.962742
0.114123
0.276574
0.927404
0.121912
0.536578
0.945137
0.630888
0.433643
0.743923
0.836803
0.259993
0.509028
0.056117
0.680408
0.393292
0.469001
0.719112
0.572091
0.970153
0.619246
0.240092
0.155399
0.155928
0.023202
0.201545
0.738336
0.658039
0.403941
0.878407
0.374642
0.366683
0.992530
0.651216
0.294087
0.114442
0.187794
0.239224
0.745329
0.621437
0.983147
0.582132
0.881429
0.492175
0.638250
0.561838
0.885467
0.107251
0.280950
0.457557
0.077404
0.900196
0.697650
0.232803
0.056124
0.720851
0.434349
0.794460
0.378890
0.838289
0.672867
0.753533
0.204972
0.665397
0.404749
0.499059
0.779838
0.592543
0.738283
0.525168
0.213980
0.721431
0.107300
0.095409
0.213606
0.745550
0.657247
0.099073
0.852801
0.938197
0.556630
0.930205
0.838393
0.254280
0.163008
0.894516
0.975131
0.597357
0.688976
0.354022
0.435646
0.361842
0.107554
0.640618
0.027239
0.512304
0.139677
0.807078
0.104847
0.877960
0.332245
0.318827
0.599391
0.439546
0.414236
0.812997
0.185095
0.071483
0.912070
0.037896
0.009680
0.468700
0.968101
0.848072
0.722980
0.131109
0.742589
0.698111
0.728465
0.431564
0.052133
0.164111
0.793407
0.159687
0.804729
0.820646
0.671991
0.944406
0.627724
0.776838
0.822366
0.959969
0.095665
0.421757
0.399515
0.509900
0.234754
0.584610
0.581383
0.146824
0.622506
0.591062
0.615525
0.590606
0.439135
0.338505
0.721715
0.181723
0.036616
0.450180
0.613288
0.088749
0.614292
0.406695
0.248437
0.419021
0.227341
0.920428
0.363427
0.855064
0.697266
0.185794
0.815033
0.792931
0.607551
0.214548
0.302831
0.842306
0.799157
0.884214
0.989130
0.421663
0.475276
0.604655
0.012269
0.914411
0.943160
0.733984
0.096134
0.979776
0.184164
0.709421
0.068525
0.798456
0.116116
0.316962
0.217477
0.343456
0.237390
0.580904
0.198520
0.934656
0.766698
0.013553
0.727587
0.374249
0.228101
0.030418
0.216555
0.027258
0.914632
0.205685
0.448921
0.389908
0.810339
0.461190
0.304318
0.753499
0.195174
0.400452
0.733275
0.379339
0.109873
0.801800
0.177794
0.225989
0.118762
0.395272
0.569445
0.356153
0.976176
0.767965
0.290809
0.742874
0.781518
0.018396
0.117124
0.009619
0.048814
0.333679
0.036878
0.963445
0.539363
0.485799
0.353353
0.349703
0.946989
0.657671
0.103202
0.142164
0.058123
0.836477
0.521502
0.167996
0.638277
0.699297
0.393984
0.757040
0.094568
0.963429
0.113192
0.070744
0.731394
0.404002
0.813619
0.512913
0.422398
0.930742
0.522532
0.471212
0.264421
0.559410
0.434657
0.803784
0.045209
0.788010
0.153487
0.992198
0.445681
0.256689
0.134362
0.503804
0.093166
0.655864
0.671800
0.731443
0.355161
0.065784
0.488483
0.449729
0.029213
0.601676
0.520474
0.760608
0.005677
0.334092
0.273520
0.428075
0.264835
0.796053
0.899286
0.529256
0.355462
0.333944
0.333040
0.400671
0.121954
0.486527
0.392869
0.567635
0.743217
0.527231
0.071439
0.836383
0.183095
0.743238
0.567827
0.538256
0.809022
0.056310
0.987985
0.838236
0.657985
0.508459
0.598843
0.663663
0.842551
0.872364
0.091737
0.107386
0.668416
0.991024
0.636641
0.023879
0.324967
0.969681
0.424550
0.446921
0.456209
0.817419
0.014556
0.199426
0.344650
0.085994
0.035809
0.527746
0.829233
0.603636
0.066002
0.638255
0.659946
0.053987
0.476491
0.317931
0.562446
0.075334
0.981594
0.404997
0.947698
0.073331
0.512383
0.616115
0.064355
0.149024
0.639994
0.389322
0.118706
0.064544
0.836243
0.574915
0.881963
0.850798
0.774341
0.226613
0.936793
0.810150
0.754359
0.766025
0.413785
0.820361
0.404281
0.073731
0.874348
0.880772
0.391662
0.436794
0.956106
0.373256
0.841791
0.903805
0.446586
0.354174
0.519919
0.510941
0.503198
0.159913
0.900263
0.621904
0.224457
0.736506
0.196819
0.106419
0.587304
0.971159
0.333032
0.524097
0.781309
0.087391
0.290123
0.195095
0.907752
0.694403
0.268826
0.782099
0.575175
0.660488
0.218893
0.531281
0.033743
0.060684
0.435086
0.480330
0.414858
0.955005
0.991271
0.918056
0.114918
0.891534
0.539960
0.339375
0.628040
0.736779
0.445794
0.215344
0.707938
0.778827
0.739441
0.489247
0.866218
0.029564
0.684342
0.773970
0.723967
0.953167
0.556069
0.299142
0.613655
0.774962
0.830424
0.647398
0.835646
0.265509
0.127728
0.250504
0.220515
0.118999
0.168560
0.335433
0.010532
0.708520
0.674808
0.638572
0.445299
0.120603
0.853916
0.153237
0.899429
0.593358
0.642485
0.765647
0.622922
0.326827
0.539617
0.346889
0.279994
0.095686
0.646032
0.893649
0.870648
0.476455
0.541048
0.706294
0.741965
0.668775
0.956798
0.962479
0.787774
0.125358
0.297913
0.798306
0.833878
0.972721
0.436879
0.279178
0.093323
0.290795
0.432415
0.992753
0.884153
0.074900
0.758400
0.507075
0.401727
0.298017
0.853964
0.681721
0.393703
0.499996
0.575370
0.264352
0.976451
0.116417
0.970646
0.718416
0.785193
0.927444
0.680895
0.572967
0.052802
0.978808
0.371273
0.886681
0.951529
0.808152
0.165858
0.044852
0.098947
0.598273
0.037605
0.983100
0.673173
0.796005
0.490175
0.074900
0.094022
0.344139
0.756621
0.487726
0.844135
0.331990
0.752077
0.820586
0.448408
0.722723
0.539001
0.233601
0.650167
0.219896
0.806568
0.702970
0.198704
0.177841
0.589650
0.150233
0.985993
0.755509
0.195085
0.084940
0.353782
0.232689
0.068040
0.026955
0.028694
0.558215
0.101855
0.122717
0.902354
0.858476
0.610443
0.746489
0.190466
0.362520
0.567075
0.638874
0.085243
0.106076
0.872475
0.735410
0.325972
0.679042
0.438380
0.524677
0.856884
0.028030
0.674909
0.842877
0.783538
0.869994
0.927817
0.137320
0.102683
0.995857
0.164276
0.131378
0.554073
0.266131
0.254095
0.456427
0.124606
0.864537
0.202917
0.315072
0.227057
0.769991
0.953946
0.312300
0.876067
0.826421
0.047710
0.202040
0.505463
0.486090
0.726716
0.362347
0.514120
0.401626
0.205223
0.297658
0.271620
0.133040
0.434979
0.374303
0.128898
0.599254
0.505681
0.682971
0.865385
0.759776
0.139398
0.989991
0.624313
0.342315
0.305063
0.851370
0.112306
0.259009
0.163670
0.988373
0.085430
0.211380
0.190413
0.590893
0.697470
0.917129
0.953240
0.211590
0.318755
0.158464
0.509248
0.590375
0.291504
0.944226
0.964678
0.420402
0.543480
0.470359
0.103373
0.408865
0.230135
0.242771
0.398856
0.854448
0.585085
0.703919
0.705819
0.697391
0.962928
0.869489
0.685764
0.048358
0.080870
0.876177
0.639252
0.778340
0.793307
0.592492
0.989929
0.112062
0.750956
0.499177
0.702437
0.042460
0.443403
0.667115
0.462861
0.986884
0.137474
0.566234
0.395749
0.367609
0.809005
0.794605
0.222057
0.394090
0.498524
0.927876
0.091481
0.461452
0.797365
0.777245
0.509811
0.878235
0.653423
0.149063
0.656574
0.446729
0.741555
0.646503
0.558791
0.492510
0.145680
0.261228
0.534970
0.589084
0.928342
0.997831
0.575967
0.065816
0.564065
0.971716
0.433425
0.373070
0.766321
0.655482
0.767159
0.264845
0.583358
0.858640
0.726297
0.380723
0.635885
0.236108
0.258958
0.289308
0.385171
0.915532
0.736037
0.126725
0.562035
0.294829
0.619235
0.707716
0.556056
0.154205
0.296799
0.484399
0.152036
0.872766
0.550215
0.716101
0.844482
0.983639
0.089171
0.610803
0.639122
0.856330
0.875647
0.222480
0.714970
0.601945
0.603203
0.350856
0.838053
0.862161
0.640164
0.223223
0.777692
0.376201
0.349948
0.339728
0.671030
0.969184
0.047444
0.227086
0.123388
0.344243
0.711485
0.275424
0.217009
0.261700
0.991525
0.061491
0.245339
0.080696
0.672294
0.884461
0.937026
0.547942
0.106940
0.651996
0.149886
0.710143
0.002852
0.987939
0.572303
0.643015
0.211162
0.349996
0.019217
0.561111
0.689724
0.690247
0.530294
0.737167
0.917333
0.653683
0.081410
0.628818
0.929107
0.298420
0.890517
0.920632
0.359911
0.135856
0.001328
0.032205
0.020317
0.938354
0.580147
0.127257
0.590350
0.730033
0.837400
0.593202
0.717972
0.409704
0.236217
0.929134
0.759700
0.255434
0.490245
0.449423
0.945680
0.020539
0.186591
0.863013
0.674222
0.268001
0.491831
0.603329
0.566421
0.382348
0.523961
0.926332
0.518205
0.525290
0.958537
0.538522
0.463644
0.538684
0.665779
0.053994
0.268717
0.503180
0.647196
0.986690
0.912883
0.883413
0.915824
0.672583
0.138847
0.406069
0.122006
0.084527
0.426608
0.308597
0.947540
0.100830
0.576598
0.439371
0.704159
0.143019
0.821720
0.228120
0.069350
0.339925
0.753410
0.027888
0.878447
0.217053
0.566572
0.544226
0.271047
0.835289
0.047406
0.918243
0.821978
0.960289
0.801656
0.737802
0.632872
0.940502
0.143871
0.754878
0.025030
0.570479
0.063474
0.972570
0.671309
0.640072
0.411941
0.375468
0.783091
0.233661
0.603588
0.852441
0.573586
0.356998
0.880329
0.452033
0.574051
0.446900
0.996259
0.845098
0.282189
0.043665
0.763341
0.104168
0.003954
0.564997
0.841970
0.636825
0.505499
0.985841
0.391703
0.530529
0.556321
0.455178
0.503099
0.227630
0.095250
0.915040
0.603098
0.878341
0.148701
0.206686
0.730782
0.722287
0.563684
0.611111
0.174320
0.137735
0.058012
0.170579
0.982832
0.340201
0.214244
0.746173
0.444369
0.218198
0.311170
0.286339
0.855023
0.816669
0.272180
0.246726
0.347197
0.828501
0.701904
0.850296
0.056131
0.797154
0.765336
0.659229
0.675495
0.914037
0.865915
0.406277
0.636324
0.429599
0.017388
0.810644
0.567334
0.075400
0.981224
0.550166
0.415601
0.195468
0.296339
0.859969
0.413666
0.607509
0.146308
0.268689
0.424178
0.418488
0.515415
0.771375
0.246989
0.217319
0.621671
0.303120
0.014473
0.387007
0.962349
0.689968
0.301044
0.828264
0.096245
0.937368
0.257863
0.113633
0.748012
0.825197
0.189033
0.729236
0.375363
0.604634
0.924704
0.671703
0.464603
0.338369
0.279212
0.610911
0.607058
0.703390
0.029399
0.122474
0.474765
0.276388
0.339793
0.096436
0.579508
0.354267
0.483443
0.541857
0.044235
0.784487
0.370121
0.140480
0.721855
0.627985
0.254113
0.469868
0.453182
0.443146
0.199104
0.828545
0.047780
0.123808
0.500248
0.512383
0.462177
0.779459
0.123294
0.069235
0.482849
0.152694
0.191709
0.957614
0.429082
0.531503
0.054050
0.008590
0.885769
0.537493
0.550447
0.930004
0.321981
0.920569
0.070484
0.043836
0.548554
0.324597
0.513704
0.001736
0.767744
0.712808
0.830281
0.815524
0.836616
0.330528
0.327907
0.298793
0.109988
0.451201
0.368028
0.592836
0.603895
0.559737
0.550450
0.032977
0.091240
0.604500
0.041567
0.977009
0.141993
0.592014
0.907013
0.463974
0.512583
0.977497
0.507810
0.061137
0.302094
0.021514
0.062872
0.069838
0.734322
0.893153
0.885362
0.570937
0.223681
0.213268
0.869730
0.333669
0.664470
0.237758
0.926505
0.268365
0.797495
0.476955
0.301342
0.888735
0.081456
0.342909
0.865744
0.223449
0.934923
0.772758
0.687423
0.447506
0.750255
0.195233
0.508643
0.052349
0.216747
0.571515
0.122187
0.951069
0.464668
0.007549
0.522007
0.688349
0.220817
0.391737
0.022018
0.885287
0.629494
0.948523
0.153652
0.426990
0.425478
0.454994
0.315725
0.506934
0.797902
0.181469
0.730383
0.732826
0.954227
0.417806
0.180332
0.704482
0.613040
0.688975
0.756831
0.829787
0.260490
0.879019
0.780856
0.725158
0.886568
0.302862
0.413507
0.107385
0.694599
0.435525
0.992672
0.324093
0.384048
0.146324
0.751083
0.809527
0.601317
0.066808
0.316461
0.399220
0.248277
0.046844
0.132045
0.202504
0.464650
0.312377
0.906986
0.077690
0.001352
0.663818
0.907477
0.261842
0.542836
0.688333
0.987001
0.429404
0.991195
0.400508
0.536789
0.685794
0.836033
0.529461
0.009888
0.220081
0.675785
0.760971
0.029608
0.277102
0.827779
0.346068
0.676322
0.076056
0.392912
0.808367
0.278561
0.857563
0.120745
0.185547
0.935253
0.122097
0.849365
0.842730
0.383940
0.392201
0.531062
0.370940
0.821605
0.522257
0.771448
0.358394
0.208052
0.607481
0.887854
0.217939
0.827562
0.563639
0.978910
0.857170
0.840741
0.806689
0.203238
0.517063
0.882745
0.596150
0.325430
0.161306
0.453713
0.446175
0.346853
0.388966
0.568272
0.196217
0.231695
0.952212
0.588418
0.762758
0.323152
0.410023
0.285015
0.094600
0.768417
0.493067
0.702081
0.656271
0.711006
0.529643
0.219910
0.689916
0.386813
0.060651
0.496605
0.590051
0.577715
0.379350
0.186202
0.903145
0.540656
0.639915
0.349320
0.887509
0.028881
0.917592
0.083726
0.260576
0.869804
0.672144
0.023334
0.192956
0.082168
0.308349
0.287556
0.850584
0.801416
0.989638
0.506856
0.512422
0.519281
0.726766
0.202338
0.906095
0.787417
0.698943
0.496146
0.365132
0.078293
0.682348
0.268277
0.618949
0.322263
0.617597
0.506458
0.351144
0.535189
0.590184
0.611720
0.404993
0.262328
0.635055
0.597949
0.344496
0.943404
0.885505
0.195080
0.744820
0.875143
0.701936
0.257242
0.394424
0.428701
0.459581
0.300519
0.216119
0.158524
0.796665
0.581251
0.236817
0.479013
0.849527
0.855766
0.801276
0.467124
0.362224
0.152420
0.002313
0.952408
0.764140
0.407305
0.214736
0.399195
0.005254
0.559232
0.342599
0.890760
0.754312
0.087419
0.765903
0.456247
0.344661
0.160327
0.884949
0.804242
0.460846
0.101068
0.962766
0.257511
0.682318
0.199583
0.736524
0.531845
0.055350
0.537799
0.998969
0.417574
0.690219
0.001282
0.369982
0.454360
0.408587
0.584718
0.853554
0.413842
0.143949
0.196153
0.304602
0.898261
0.283572
0.070505
0.354509
0.628233
0.230832
0.239458
0.432475
0.691678
0.340525
0.395242
0.949189
0.022843
0.594825
0.685713
0.554689
0.650175
0.223512
0.553658
0.067749
0.913732
0.554940
0.437730
0.368091
0.963527
0.022448
0.221646
0.377369
0.166398
0.417799
0.681971
0.064659
0.701371
0.752476
0.419168
0.329604
0.983308
0.658625
0.762080
0.674986
0.999150
0.157321
0.624175
0.021994
0.752147
0.309888
0.576682
0.402321
0.533400
0.130340
0.470070
0.447132
0.685280
0.907800
0.815223
0.648807
0.930248
0.036869
0.026176
0.096646
0.454668
0.708147
0.161305
0.156039
0.460623
0.580472
0.485643
0.443930
0.239098
0.247723
0.118916
0.238248
0.405045
0.743091
0.260241
0.157191
0.052979
0.836924
0.559512
0.586379
0.967264
0.029582
0.033511
0.652544
0.937383
0.848735
0.301352
0.867631
0.885604
0.327528
0.964277
0.340271
0.035675
0.125582
0.496310
0.496298
0.706054
0.981953
0.940229
0.945152
0.229676
0.059145
0.183400
0.634721
0.802236
0.443641
0.791912
0.855215
0.280565
0.351424
0.441595
0.247829
0.381006
0.475106
0.900373
0.318389
0.323841
0.201725
0.186020
0.209444
0.529253
0.150297
0.549715
0.564929
0.275879
0.046026
0.061227
0.981933
0.027979
0.001456
0.927084
0.257655
0.060600
0.110484
0.892376
0.862836
0.554125
0.684288
0.718052
0.834690
0.035712
0.159646
0.082519
0.416718
0.634752
0.982892
0.735107
0.958593
0.184617
0.921127
0.168037
0.713870
0.071424
0.717752
0.278799
0.347303
0.763778
0.340026
0.329236
